# Filter transmission for J-PLUS filter iSDSS
# Authors: Jesus Varela (jvarela@cefca.es), Toni Marin (amarin@cefca.es), César Iñiguez (ciniguez@cefca.es)
# Date: 2015-05-19
# wl[A]   T[ccd]    T[ccd+filter+atm]
6302    0.000     0.000 
6303    0.000     0.000 
6304    0.000     0.000 
6305    0.000     0.000 
6306    0.000     0.000 
6307    0.000     0.000 
6308    0.000     0.000 
6309    0.000     0.000 
6310    0.000     0.000 
6311    0.000     0.000 
6312    0.000     0.000 
6313    0.000     0.000 
6314    0.000     0.000 
6315    0.000     0.000 
6316    0.000     0.000 
6317    0.000     0.000 
6318    0.000     0.000 
6319    0.000     0.000 
6320    0.000     0.000 
6321    0.000     0.000 
6322    0.000     0.000 
6323    0.000     0.000 
6324    0.000     0.000 
6325    0.000     0.000 
6326    0.000     0.000 
6327    0.000     0.000 
6328    0.000     0.000 
6329    0.000     0.000 
6330    0.000     0.000 
6331    0.000     0.000 
6332    0.000     0.000 
6333    0.000     0.000 
6334    0.000     0.000 
6335    0.000     0.000 
6336    0.000     0.000 
6337    0.000     0.000 
6338    0.000     0.000 
6339    0.000     0.000 
6340    0.000     0.000 
6341    0.000     0.000 
6342    0.000     0.000 
6343    0.000     0.000 
6344    0.000     0.000 
6345    0.000     0.000 
6346    0.000     0.000 
6347    0.000     0.000 
6348    0.000     0.000 
6349    0.000     0.000 
6350    0.000     0.000 
6351    0.000     0.000 
6352    0.000     0.000 
6353    0.000     0.000 
6354    0.000     0.000 
6355    0.000     0.000 
6356    0.000     0.000 
6357    0.000     0.000 
6358    0.000     0.000 
6359    0.000     0.000 
6360    0.000     0.000 
6361    0.000     0.000 
6362    0.000     0.000 
6363    0.000     0.000 
6364    0.000     0.000 
6365    0.000     0.000 
6366    0.000     0.000 
6367    0.000     0.000 
6368    0.000     0.000 
6369    0.000     0.000 
6370    0.000     0.000 
6371    0.000     0.000 
6372    0.000     0.000 
6373    0.000     0.000 
6374    0.000     0.000 
6375    0.000     0.000 
6376    0.000     0.000 
6377    0.000     0.000 
6378    0.000     0.000 
6379    0.000     0.000 
6380    0.000     0.000 
6381    0.000     0.000 
6382    0.000     0.000 
6383    0.000     0.000 
6384    0.000     0.000 
6385    0.000     0.000 
6386    0.000     0.000 
6387    0.000     0.000 
6388    0.000     0.000 
6389    0.000     0.000 
6390    0.000     0.000 
6391    0.000     0.000 
6392    0.000     0.000 
6393    0.000     0.000 
6394    0.000     0.000 
6395    0.000     0.000 
6396    0.000     0.000 
6397    0.000     0.000 
6398    0.000     0.000 
6399    0.000     0.000 
6400    0.000     0.000 
6401    0.000     0.000 
6402    0.000     0.000 
6403    0.000     0.000 
6404    0.000     0.000 
6405    0.000     0.000 
6406    0.000     0.000 
6407    0.000     0.000 
6408    0.000     0.000 
6409    0.000     0.000 
6410    0.000     0.000 
6411    0.000     0.000 
6412    0.000     0.000 
6413    0.000     0.000 
6414    0.000     0.000 
6415    0.000     0.000 
6416    0.000     0.000 
6417    0.000     0.000 
6418    0.000     0.000 
6419    0.000     0.000 
6420    0.000     0.000 
6421    0.000     0.000 
6422    0.000     0.000 
6423    0.000     0.000 
6424    0.000     0.000 
6425    0.000     0.000 
6426    0.000     0.000 
6427    0.000     0.000 
6428    0.000     0.000 
6429    0.000     0.000 
6430    0.000     0.000 
6431    0.000     0.000 
6432    0.000     0.000 
6433    0.000     0.000 
6434    0.000     0.000 
6435    0.000     0.000 
6436    0.000     0.000 
6437    0.000     0.000 
6438    0.000     0.000 
6439    0.000     0.000 
6440    0.000     0.000 
6441    0.000     0.000 
6442    0.000     0.000 
6443    0.000     0.000 
6444    0.000     0.000 
6445    0.000     0.000 
6446    0.000     0.000 
6447    0.000     0.000 
6448    0.000     0.000 
6449    0.000     0.000 
6450    0.000     0.000 
6451    0.000     0.000 
6452    0.000     0.000 
6453    0.000     0.000 
6454    0.000     0.000 
6455    0.000     0.000 
6456    0.000     0.000 
6457    0.000     0.000 
6458    0.000     0.000 
6459    0.000     0.000 
6460    0.000     0.000 
6461    0.000     0.000 
6462    0.000     0.000 
6463    0.000     0.000 
6464    0.000     0.000 
6465    0.000     0.000 
6466    0.000     0.000 
6467    0.000     0.000 
6468    0.000     0.000 
6469    0.000     0.000 
6470    0.000     0.000 
6471    0.000     0.000 
6472    0.000     0.000 
6473    0.000     0.000 
6474    0.000     0.000 
6475    0.000     0.000 
6476    0.000     0.000 
6477    0.000     0.000 
6478    0.000     0.000 
6479    0.000     0.000 
6480    0.000     0.000 
6481    0.000     0.000 
6482    0.000     0.000 
6483    0.000     0.000 
6484    0.000     0.000 
6485    0.000     0.000 
6486    0.000     0.000 
6487    0.000     0.000 
6488    0.000     0.000 
6489    0.000     0.000 
6490    0.000     0.000 
6491    0.000     0.000 
6492    0.000     0.000 
6493    0.000     0.000 
6494    0.000     0.000 
6495    0.000     0.000 
6496    0.000     0.000 
6497    0.000     0.000 
6498    0.000     0.000 
6499    0.000     0.000 
6500    0.000     0.000 
6501    0.000     0.000 
6502    0.000     0.000 
6503    0.000     0.000 
6504    0.000     0.000 
6505    0.000     0.000 
6506    0.000     0.000 
6507    0.000     0.000 
6508    0.000     0.000 
6509    0.000     0.000 
6510    0.000     0.000 
6511    0.000     0.000 
6512    0.000     0.000 
6513    0.000     0.000 
6514    0.000     0.000 
6515    0.000     0.000 
6516    0.000     0.000 
6517    0.000     0.000 
6518    0.000     0.000 
6519    0.000     0.000 
6520    0.000     0.000 
6521    0.000     0.000 
6522    0.000     0.000 
6523    0.000     0.000 
6524    0.000     0.000 
6525    0.000     0.000 
6526    0.000     0.000 
6527    0.000     0.000 
6528    0.000     0.000 
6529    0.000     0.000 
6530    0.000     0.000 
6531    0.000     0.000 
6532    0.000     0.000 
6533    0.000     0.000 
6534    0.000     0.000 
6535    0.000     0.000 
6536    0.000     0.000 
6537    0.000     0.000 
6538    0.000     0.000 
6539    0.000     0.000 
6540    0.000     0.000 
6541    0.000     0.000 
6542    0.000     0.000 
6543    0.000     0.000 
6544    0.000     0.000 
6545    0.000     0.000 
6546    0.000     0.000 
6547    0.000     0.000 
6548    0.000     0.000 
6549    0.000     0.000 
6550    0.000     0.000 
6551    0.000     0.000 
6552    0.000     0.000 
6553    0.000     0.000 
6554    0.000     0.000 
6555    0.000     0.000 
6556    0.000     0.000 
6557    0.000     0.000 
6558    0.000     0.000 
6559    0.000     0.000 
6560    0.000     0.000 
6561    0.000     0.000 
6562    0.000     0.000 
6563    0.000     0.000 
6564    0.000     0.000 
6565    0.000     0.000 
6566    0.000     0.000 
6567    0.000     0.000 
6568    0.000     0.000 
6569    0.000     0.000 
6570    0.000     0.000 
6571    0.000     0.000 
6572    0.000     0.000 
6573    0.000     0.000 
6574    0.000     0.000 
6575    0.000     0.000 
6576    0.000     0.000 
6577    0.000     0.000 
6578    0.000     0.000 
6579    0.000     0.000 
6580    0.000     0.000 
6581    0.000     0.000 
6582    0.000     0.000 
6583    0.000     0.000 
6584    0.000     0.000 
6585    0.000     0.000 
6586    0.000     0.000 
6587    0.000     0.000 
6588    0.000     0.000 
6589    0.000     0.000 
6590    0.000     0.000 
6591    0.000     0.000 
6592    0.000     0.000 
6593    0.000     0.000 
6594    0.000     0.000 
6595    0.000     0.000 
6596    0.000     0.000 
6597    0.000     0.000 
6598    0.000     0.000 
6599    0.000     0.000 
6600    0.000     0.000 
6601    0.000     0.000 
6602    0.000     0.000 
6603    0.000     0.000 
6604    0.000     0.000 
6605    0.000     0.000 
6606    0.000     0.000 
6607    0.000     0.000 
6608    0.000     0.000 
6609    0.000     0.000 
6610    0.001     0.000 
6611    0.001     0.000 
6612    0.001     0.000 
6613    0.001     0.001 
6614    0.001     0.001 
6615    0.001     0.001 
6616    0.001     0.001 
6617    0.001     0.001 
6618    0.001     0.001 
6619    0.001     0.001 
6620    0.001     0.001 
6621    0.001     0.001 
6622    0.001     0.001 
6623    0.001     0.001 
6624    0.001     0.001 
6625    0.001     0.001 
6626    0.001     0.001 
6627    0.001     0.001 
6628    0.001     0.001 
6629    0.001     0.001 
6630    0.001     0.001 
6631    0.001     0.001 
6632    0.001     0.001 
6633    0.001     0.001 
6634    0.001     0.001 
6635    0.001     0.001 
6636    0.001     0.001 
6637    0.001     0.001 
6638    0.001     0.001 
6639    0.001     0.001 
6640    0.001     0.001 
6641    0.001     0.001 
6642    0.001     0.001 
6643    0.001     0.001 
6644    0.001     0.001 
6645    0.001     0.001 
6646    0.001     0.001 
6647    0.001     0.001 
6648    0.001     0.001 
6649    0.001     0.001 
6650    0.002     0.001 
6651    0.002     0.001 
6652    0.002     0.001 
6653    0.002     0.002 
6654    0.002     0.002 
6655    0.002     0.002 
6656    0.002     0.002 
6657    0.002     0.002 
6658    0.002     0.002 
6659    0.002     0.002 
6660    0.002     0.002 
6661    0.002     0.002 
6662    0.002     0.002 
6663    0.002     0.002 
6664    0.002     0.002 
6665    0.002     0.002 
6666    0.002     0.002 
6667    0.002     0.002 
6668    0.003     0.002 
6669    0.003     0.002 
6670    0.003     0.002 
6671    0.003     0.003 
6672    0.003     0.003 
6673    0.003     0.003 
6674    0.003     0.003 
6675    0.003     0.003 
6676    0.003     0.003 
6677    0.003     0.003 
6678    0.003     0.003 
6679    0.004     0.003 
6680    0.004     0.003 
6681    0.004     0.003 
6682    0.004     0.004 
6683    0.004     0.004 
6684    0.004     0.004 
6685    0.004     0.004 
6686    0.004     0.004 
6687    0.004     0.004 
6688    0.005     0.004 
6689    0.005     0.004 
6690    0.005     0.004 
6691    0.005     0.005 
6692    0.005     0.005 
6693    0.005     0.005 
6694    0.005     0.005 
6695    0.006     0.005 
6696    0.006     0.005 
6697    0.006     0.005 
6698    0.006     0.006 
6699    0.006     0.006 
6700    0.007     0.006 
6701    0.007     0.006 
6702    0.007     0.006 
6703    0.007     0.006 
6704    0.007     0.007 
6705    0.007     0.007 
6706    0.008     0.007 
6707    0.008     0.007 
6708    0.008     0.007 
6709    0.008     0.008 
6710    0.009     0.008 
6711    0.009     0.008 
6712    0.009     0.008 
6713    0.009     0.009 
6714    0.010     0.009 
6715    0.010     0.009 
6716    0.010     0.009 
6717    0.011     0.010 
6718    0.011     0.010 
6719    0.011     0.010 
6720    0.011     0.010 
6721    0.012     0.011 
6722    0.012     0.011 
6723    0.012     0.011 
6724    0.013     0.012 
6725    0.013     0.012 
6726    0.013     0.012 
6727    0.014     0.013 
6728    0.014     0.013 
6729    0.015     0.013 
6730    0.015     0.014 
6731    0.015     0.014 
6732    0.016     0.014 
6733    0.016     0.015 
6734    0.017     0.015 
6735    0.017     0.016 
6736    0.018     0.016 
6737    0.018     0.017 
6738    0.019     0.017 
6739    0.019     0.018 
6740    0.020     0.018 
6741    0.020     0.019 
6742    0.021     0.019 
6743    0.021     0.020 
6744    0.022     0.020 
6745    0.023     0.021 
6746    0.023     0.021 
6747    0.024     0.022 
6748    0.024     0.022 
6749    0.025     0.023 
6750    0.026     0.024 
6751    0.026     0.024 
6752    0.027     0.025 
6753    0.028     0.026 
6754    0.029     0.026 
6755    0.029     0.027 
6756    0.030     0.028 
6757    0.031     0.028 
6758    0.032     0.029 
6759    0.032     0.030 
6760    0.033     0.030 
6761    0.034     0.031 
6762    0.035     0.032 
6763    0.036     0.033 
6764    0.037     0.034 
6765    0.038     0.035 
6766    0.038     0.035 
6767    0.039     0.036 
6768    0.040     0.037 
6769    0.041     0.038 
6770    0.042     0.039 
6771    0.043     0.040 
6772    0.044     0.041 
6773    0.045     0.042 
6774    0.046     0.043 
6775    0.048     0.044 
6776    0.049     0.045 
6777    0.050     0.046 
6778    0.051     0.047 
6779    0.052     0.048 
6780    0.053     0.049 
6781    0.055     0.051 
6782    0.056     0.052 
6783    0.057     0.053 
6784    0.058     0.054 
6785    0.060     0.055 
6786    0.061     0.057 
6787    0.063     0.058 
6788    0.064     0.059 
6789    0.065     0.060 
6790    0.067     0.062 
6791    0.068     0.063 
6792    0.069     0.064 
6793    0.071     0.065 
6794    0.072     0.067 
6795    0.073     0.068 
6796    0.075     0.069 
6797    0.077     0.071 
6798    0.078     0.072 
6799    0.080     0.074 
6800    0.082     0.076 
6801    0.083     0.077 
6802    0.085     0.079 
6803    0.087     0.080 
6804    0.088     0.082 
6805    0.090     0.083 
6806    0.092     0.085 
6807    0.093     0.086 
6808    0.095     0.088 
6809    0.097     0.090 
6810    0.099     0.091 
6811    0.101     0.093 
6812    0.103     0.095 
6813    0.105     0.096 
6814    0.107     0.098 
6815    0.109     0.100 
6816    0.111     0.102 
6817    0.113     0.104 
6818    0.115     0.105 
6819    0.117     0.107 
6820    0.119     0.109 
6821    0.121     0.111 
6822    0.123     0.113 
6823    0.125     0.115 
6824    0.128     0.117 
6825    0.130     0.119 
6826    0.132     0.121 
6827    0.135     0.123 
6828    0.137     0.125 
6829    0.139     0.127 
6830    0.142     0.129 
6831    0.144     0.131 
6832    0.146     0.133 
6833    0.149     0.135 
6834    0.151     0.137 
6835    0.154     0.140 
6836    0.157     0.142 
6837    0.159     0.144 
6838    0.162     0.146 
6839    0.165     0.149 
6840    0.168     0.151 
6841    0.170     0.153 
6842    0.173     0.156 
6843    0.176     0.158 
6844    0.178     0.160 
6845    0.181     0.162 
6846    0.184     0.164 
6847    0.186     0.167 
6848    0.189     0.169 
6849    0.192     0.171 
6850    0.195     0.174 
6851    0.198     0.176 
6852    0.201     0.178 
6853    0.203     0.181 
6854    0.206     0.183 
6855    0.209     0.185 
6856    0.212     0.188 
6857    0.215     0.190 
6858    0.218     0.193 
6859    0.221     0.195 
6860    0.224     0.198 
6861    0.228     0.201 
6862    0.231     0.203 
6863    0.234     0.206 
6864    0.237     0.208 
6865    0.240     0.211 
6866    0.243     0.213 
6867    0.246     0.216 
6868    0.249     0.218 
6869    0.253     0.221 
6870    0.256     0.224 
6871    0.259     0.226 
6872    0.262     0.229 
6873    0.266     0.232 
6874    0.269     0.235 
6875    0.272     0.237 
6876    0.276     0.240 
6877    0.279     0.243 
6878    0.282     0.245 
6879    0.286     0.248 
6880    0.289     0.250 
6881    0.292     0.253 
6882    0.295     0.256 
6883    0.298     0.259 
6884    0.301     0.262 
6885    0.305     0.265 
6886    0.308     0.268 
6887    0.311     0.270 
6888    0.315     0.273 
6889    0.318     0.276 
6890    0.321     0.279 
6891    0.325     0.282 
6892    0.328     0.285 
6893    0.332     0.288 
6894    0.335     0.291 
6895    0.339     0.295 
6896    0.342     0.298 
6897    0.346     0.301 
6898    0.350     0.304 
6899    0.354     0.308 
6900    0.357     0.311 
6901    0.361     0.314 
6902    0.365     0.318 
6903    0.368     0.321 
6904    0.372     0.324 
6905    0.375     0.327 
6906    0.378     0.330 
6907    0.382     0.333 
6908    0.385     0.336 
6909    0.389     0.340 
6910    0.392     0.343 
6911    0.396     0.347 
6912    0.400     0.350 
6913    0.404     0.354 
6914    0.407     0.358 
6915    0.411     0.361 
6916    0.415     0.365 
6917    0.418     0.368 
6918    0.422     0.372 
6919    0.426     0.376 
6920    0.430     0.379 
6921    0.433     0.383 
6922    0.437     0.387 
6923    0.441     0.390 
6924    0.445     0.394 
6925    0.449     0.398 
6926    0.452     0.401 
6927    0.456     0.405 
6928    0.460     0.408 
6929    0.463     0.412 
6930    0.467     0.415 
6931    0.470     0.419 
6932    0.474     0.423 
6933    0.478     0.426 
6934    0.481     0.430 
6935    0.484     0.433 
6936    0.487     0.437 
6937    0.491     0.440 
6938    0.495     0.444 
6939    0.498     0.448 
6940    0.502     0.451 
6941    0.505     0.455 
6942    0.509     0.458 
6943    0.512     0.462 
6944    0.515     0.465 
6945    0.519     0.469 
6946    0.522     0.473 
6947    0.526     0.476 
6948    0.530     0.480 
6949    0.533     0.484 
6950    0.537     0.488 
6951    0.540     0.491 
6952    0.543     0.494 
6953    0.546     0.498 
6954    0.550     0.502 
6955    0.553     0.505 
6956    0.556     0.508 
6957    0.560     0.512 
6958    0.563     0.515 
6959    0.567     0.519 
6960    0.570     0.522 
6961    0.574     0.526 
6962    0.577     0.529 
6963    0.580     0.533 
6964    0.584     0.536 
6965    0.587     0.539 
6966    0.590     0.542 
6967    0.593     0.545 
6968    0.596     0.548 
6969    0.599     0.552 
6970    0.602     0.555 
6971    0.606     0.558 
6972    0.609     0.561 
6973    0.611     0.564 
6974    0.614     0.567 
6975    0.616     0.569 
6976    0.618     0.572 
6977    0.621     0.575 
6978    0.624     0.578 
6979    0.628     0.582 
6980    0.631     0.585 
6981    0.635     0.589 
6982    0.639     0.592 
6983    0.641     0.595 
6984    0.644     0.598 
6985    0.647     0.600 
6986    0.650     0.603 
6987    0.653     0.605 
6988    0.655     0.608 
6989    0.659     0.611 
6990    0.662     0.614 
6991    0.665     0.617 
6992    0.669     0.620 
6993    0.671     0.623 
6994    0.674     0.626 
6995    0.677     0.628 
6996    0.679     0.631 
6997    0.682     0.633 
6998    0.684     0.635 
6999    0.686     0.637 
7000    0.689     0.640 
7001    0.692     0.643 
7002    0.695     0.645 
7003    0.698     0.648 
7004    0.701     0.651 
7005    0.704     0.654 
7006    0.706     0.656 
7007    0.709     0.659 
7008    0.712     0.662 
7009    0.714     0.665 
7010    0.716     0.667 
7011    0.718     0.669 
7012    0.720     0.671 
7013    0.722     0.673 
7014    0.724     0.675 
7015    0.726     0.678 
7016    0.728     0.680 
7017    0.731     0.683 
7018    0.734     0.686 
7019    0.737     0.688 
7020    0.739     0.691 
7021    0.742     0.694 
7022    0.744     0.696 
7023    0.747     0.699 
7024    0.749     0.702 
7025    0.751     0.704 
7026    0.754     0.706 
7027    0.756     0.709 
7028    0.759     0.712 
7029    0.760     0.714 
7030    0.762     0.716 
7031    0.764     0.718 
7032    0.767     0.721 
7033    0.768     0.722 
7034    0.769     0.724 
7035    0.772     0.727 
7036    0.774     0.730 
7037    0.776     0.732 
7038    0.778     0.734 
7039    0.780     0.737 
7040    0.782     0.739 
7041    0.784     0.742 
7042    0.786     0.744 
7043    0.788     0.746 
7044    0.790     0.748 
7045    0.791     0.750 
7046    0.793     0.752 
7047    0.795     0.754 
7048    0.796     0.756 
7049    0.798     0.758 
7050    0.799     0.760 
7051    0.801     0.762 
7052    0.802     0.764 
7053    0.804     0.766 
7054    0.806     0.768 
7055    0.807     0.770 
7056    0.809     0.772 
7057    0.811     0.773 
7058    0.812     0.775 
7059    0.814     0.777 
7060    0.816     0.778 
7061    0.817     0.780 
7062    0.819     0.782 
7063    0.820     0.783 
7064    0.821     0.784 
7065    0.824     0.786 
7066    0.826     0.789 
7067    0.827     0.790 
7068    0.829     0.791 
7069    0.831     0.793 
7070    0.833     0.795 
7071    0.834     0.796 
7072    0.835     0.797 
7073    0.836     0.799 
7074    0.837     0.800 
7075    0.839     0.801 
7076    0.840     0.803 
7077    0.841     0.804 
7078    0.843     0.805 
7079    0.844     0.807 
7080    0.846     0.808 
7081    0.847     0.809 
7082    0.848     0.810 
7083    0.850     0.812 
7084    0.851     0.814 
7085    0.852     0.815 
7086    0.854     0.816 
7087    0.855     0.817 
7088    0.857     0.819 
7089    0.858     0.820 
7090    0.859     0.821 
7091    0.860     0.822 
7092    0.861     0.823 
7093    0.862     0.824 
7094    0.864     0.826 
7095    0.865     0.826 
7096    0.866     0.827 
7097    0.867     0.829 
7098    0.869     0.831 
7099    0.870     0.832 
7100    0.872     0.833 
7101    0.873     0.835 
7102    0.875     0.836 
7103    0.875     0.837 
7104    0.876     0.837 
7105    0.876     0.838 
7106    0.877     0.838 
7107    0.878     0.838 
7108    0.878     0.839 
7109    0.879     0.839 
7110    0.880     0.840 
7111    0.881     0.840 
7112    0.882     0.841 
7113    0.883     0.842 
7114    0.885     0.843 
7115    0.886     0.844 
7116    0.887     0.845 
7117    0.889     0.846 
7118    0.890     0.847 
7119    0.890     0.847 
7120    0.891     0.847 
7121    0.892     0.847 
7122    0.892     0.848 
7123    0.893     0.848 
7124    0.894     0.848 
7125    0.895     0.849 
7126    0.896     0.850 
7127    0.897     0.850 
7128    0.897     0.850 
7129    0.898     0.850 
7130    0.898     0.851 
7131    0.899     0.850 
7132    0.899     0.849 
7133    0.900     0.848 
7134    0.901     0.847 
7135    0.902     0.847 
7136    0.904     0.847 
7137    0.905     0.846 
7138    0.905     0.845 
7139    0.906     0.844 
7140    0.906     0.843 
7141    0.906     0.841 
7142    0.906     0.839 
7143    0.906     0.838 
7144    0.907     0.837 
7145    0.908     0.837 
7146    0.909     0.836 
7147    0.911     0.836 
7148    0.912     0.835 
7149    0.913     0.835 
7150    0.914     0.834 
7151    0.915     0.833 
7152    0.915     0.832 
7153    0.916     0.831 
7154    0.917     0.830 
7155    0.918     0.830 
7156    0.919     0.830 
7157    0.919     0.829 
7158    0.920     0.828 
7159    0.920     0.826 
7160    0.919     0.825 
7161    0.920     0.824 
7162    0.920     0.823 
7163    0.920     0.822 
7164    0.921     0.821 
7165    0.922     0.821 
7166    0.923     0.821 
7167    0.924     0.820 
7168    0.924     0.819 
7169    0.925     0.818 
7170    0.925     0.817 
7171    0.925     0.817 
7172    0.926     0.816 
7173    0.926     0.815 
7174    0.927     0.814 
7175    0.928     0.814 
7176    0.929     0.813 
7177    0.929     0.812 
7178    0.929     0.811 
7179    0.929     0.810 
7180    0.930     0.809 
7181    0.930     0.810 
7182    0.931     0.811 
7183    0.931     0.812 
7184    0.932     0.813 
7185    0.932     0.814 
7186    0.933     0.815 
7187    0.933     0.815 
7188    0.933     0.816 
7189    0.934     0.817 
7190    0.935     0.818 
7191    0.936     0.819 
7192    0.936     0.820 
7193    0.937     0.821 
7194    0.938     0.823 
7195    0.938     0.823 
7196    0.937     0.823 
7197    0.938     0.824 
7198    0.938     0.825 
7199    0.938     0.825 
7200    0.938     0.826 
7201    0.939     0.827 
7202    0.939     0.828 
7203    0.940     0.829 
7204    0.941     0.830 
7205    0.941     0.830 
7206    0.941     0.831 
7207    0.941     0.832 
7208    0.942     0.833 
7209    0.942     0.834 
7210    0.942     0.835 
7211    0.942     0.836 
7212    0.943     0.838 
7213    0.943     0.839 
7214    0.944     0.840 
7215    0.945     0.842 
7216    0.946     0.843 
7217    0.946     0.844 
7218    0.946     0.845 
7219    0.947     0.846 
7220    0.947     0.848 
7221    0.947     0.848 
7222    0.947     0.849 
7223    0.947     0.850 
7224    0.947     0.851 
7225    0.947     0.852 
7226    0.947     0.853 
7227    0.948     0.854 
7228    0.948     0.855 
7229    0.948     0.856 
7230    0.949     0.857 
7231    0.949     0.857 
7232    0.950     0.858 
7233    0.950     0.858 
7234    0.950     0.858 
7235    0.950     0.858 
7236    0.950     0.858 
7237    0.950     0.859 
7238    0.951     0.859 
7239    0.951     0.860 
7240    0.952     0.860 
7241    0.952     0.861 
7242    0.953     0.861 
7243    0.952     0.861 
7244    0.952     0.861 
7245    0.952     0.861 
7246    0.952     0.861 
7247    0.953     0.862 
7248    0.953     0.862 
7249    0.953     0.862 
7250    0.954     0.863 
7251    0.954     0.863 
7252    0.954     0.863 
7253    0.954     0.863 
7254    0.955     0.864 
7255    0.956     0.865 
7256    0.957     0.865 
7257    0.957     0.866 
7258    0.958     0.866 
7259    0.958     0.866 
7260    0.958     0.866 
7261    0.958     0.866 
7262    0.958     0.865 
7263    0.957     0.865 
7264    0.957     0.864 
7265    0.956     0.864 
7266    0.956     0.863 
7267    0.956     0.864 
7268    0.957     0.864 
7269    0.958     0.864 
7270    0.958     0.865 
7271    0.959     0.865 
7272    0.959     0.865 
7273    0.959     0.865 
7274    0.958     0.864 
7275    0.958     0.864 
7276    0.959     0.865 
7277    0.959     0.864 
7278    0.959     0.864 
7279    0.959     0.865 
7280    0.960     0.865 
7281    0.960     0.866 
7282    0.961     0.866 
7283    0.960     0.866 
7284    0.960     0.866 
7285    0.960     0.867 
7286    0.960     0.867 
7287    0.960     0.867 
7288    0.959     0.866 
7289    0.960     0.868 
7290    0.961     0.869 
7291    0.962     0.870 
7292    0.963     0.871 
7293    0.963     0.871 
7294    0.964     0.872 
7295    0.964     0.873 
7296    0.965     0.874 
7297    0.964     0.873 
7298    0.963     0.873 
7299    0.963     0.873 
7300    0.963     0.873 
7301    0.962     0.872 
7302    0.961     0.872 
7303    0.962     0.873 
7304    0.962     0.874 
7305    0.962     0.874 
7306    0.963     0.875 
7307    0.963     0.876 
7308    0.964     0.878 
7309    0.964     0.878 
7310    0.964     0.879 
7311    0.964     0.880 
7312    0.964     0.881 
7313    0.964     0.882 
7314    0.965     0.883 
7315    0.965     0.884 
7316    0.965     0.885 
7317    0.965     0.886 
7318    0.965     0.887 
7319    0.965     0.888 
7320    0.965     0.888 
7321    0.965     0.889 
7322    0.964     0.889 
7323    0.964     0.890 
7324    0.964     0.891 
7325    0.963     0.891 
7326    0.963     0.891 
7327    0.963     0.892 
7328    0.963     0.893 
7329    0.963     0.893 
7330    0.962     0.894 
7331    0.962     0.894 
7332    0.962     0.894 
7333    0.963     0.895 
7334    0.964     0.896 
7335    0.964     0.896 
7336    0.964     0.897 
7337    0.964     0.897 
7338    0.964     0.897 
7339    0.964     0.898 
7340    0.964     0.898 
7341    0.965     0.899 
7342    0.965     0.900 
7343    0.965     0.900 
7344    0.965     0.900 
7345    0.965     0.900 
7346    0.965     0.900 
7347    0.964     0.900 
7348    0.964     0.900 
7349    0.965     0.901 
7350    0.966     0.902 
7351    0.967     0.903 
7352    0.968     0.904 
7353    0.968     0.905 
7354    0.968     0.905 
7355    0.968     0.905 
7356    0.968     0.905 
7357    0.967     0.904 
7358    0.966     0.903 
7359    0.967     0.904 
7360    0.967     0.904 
7361    0.968     0.905 
7362    0.968     0.905 
7363    0.968     0.905 
7364    0.968     0.905 
7365    0.967     0.904 
7366    0.967     0.904 
7367    0.967     0.904 
7368    0.966     0.903 
7369    0.967     0.904 
7370    0.968     0.904 
7371    0.967     0.904 
7372    0.967     0.903 
7373    0.968     0.904 
7374    0.968     0.905 
7375    0.969     0.905 
7376    0.969     0.905 
7377    0.970     0.906 
7378    0.970     0.907 
7379    0.970     0.906 
7380    0.969     0.905 
7381    0.970     0.906 
7382    0.970     0.906 
7383    0.970     0.906 
7384    0.970     0.907 
7385    0.970     0.907 
7386    0.970     0.907 
7387    0.969     0.906 
7388    0.968     0.905 
7389    0.967     0.904 
7390    0.967     0.904 
7391    0.967     0.904 
7392    0.968     0.905 
7393    0.969     0.906 
7394    0.969     0.906 
7395    0.970     0.907 
7396    0.970     0.907 
7397    0.971     0.908 
7398    0.971     0.908 
7399    0.972     0.909 
7400    0.972     0.909 
7401    0.972     0.909 
7402    0.972     0.909 
7403    0.971     0.909 
7404    0.971     0.908 
7405    0.972     0.909 
7406    0.972     0.909 
7407    0.972     0.910 
7408    0.973     0.910 
7409    0.972     0.910 
7410    0.972     0.909 
7411    0.971     0.909 
7412    0.971     0.908 
7413    0.970     0.908 
7414    0.970     0.908 
7415    0.971     0.909 
7416    0.971     0.909 
7417    0.971     0.909 
7418    0.971     0.909 
7419    0.971     0.909 
7420    0.972     0.910 
7421    0.972     0.910 
7422    0.971     0.909 
7423    0.972     0.910 
7424    0.973     0.911 
7425    0.972     0.910 
7426    0.972     0.910 
7427    0.971     0.910 
7428    0.971     0.910 
7429    0.971     0.909 
7430    0.971     0.909 
7431    0.972     0.910 
7432    0.973     0.911 
7433    0.973     0.911 
7434    0.972     0.911 
7435    0.972     0.911 
7436    0.973     0.911 
7437    0.972     0.911 
7438    0.972     0.910 
7439    0.973     0.911 
7440    0.974     0.912 
7441    0.973     0.911 
7442    0.973     0.911 
7443    0.972     0.910 
7444    0.972     0.910 
7445    0.972     0.910 
7446    0.972     0.910 
7447    0.973     0.911 
7448    0.974     0.912 
7449    0.974     0.912 
7450    0.975     0.912 
7451    0.975     0.913 
7452    0.976     0.913 
7453    0.975     0.913 
7454    0.974     0.912 
7455    0.974     0.912 
7456    0.975     0.912 
7457    0.975     0.912 
7458    0.975     0.913 
7459    0.975     0.912 
7460    0.974     0.911 
7461    0.975     0.912 
7462    0.975     0.912 
7463    0.975     0.912 
7464    0.975     0.912 
7465    0.976     0.913 
7466    0.977     0.914 
7467    0.976     0.912 
7468    0.975     0.911 
7469    0.975     0.910 
7470    0.974     0.910 
7471    0.973     0.909 
7472    0.972     0.907 
7473    0.973     0.909 
7474    0.975     0.910 
7475    0.975     0.910 
7476    0.975     0.910 
7477    0.976     0.911 
7478    0.976     0.911 
7479    0.976     0.911 
7480    0.976     0.911 
7481    0.976     0.910 
7482    0.975     0.909 
7483    0.976     0.909 
7484    0.976     0.909 
7485    0.976     0.909 
7486    0.976     0.909 
7487    0.976     0.909 
7488    0.976     0.909 
7489    0.976     0.908 
7490    0.976     0.908 
7491    0.976     0.907 
7492    0.975     0.906 
7493    0.974     0.906 
7494    0.974     0.905 
7495    0.974     0.905 
7496    0.975     0.905 
7497    0.975     0.905 
7498    0.976     0.906 
7499    0.976     0.905 
7500    0.975     0.905 
7501    0.975     0.904 
7502    0.975     0.904 
7503    0.975     0.904 
7504    0.976     0.904 
7505    0.978     0.906 
7506    0.980     0.908 
7507    0.979     0.907 
7508    0.978     0.906 
7509    0.977     0.905 
7510    0.976     0.904 
7511    0.975     0.902 
7512    0.973     0.900 
7513    0.974     0.901 
7514    0.976     0.902 
7515    0.976     0.903 
7516    0.977     0.903 
7517    0.977     0.903 
7518    0.977     0.903 
7519    0.976     0.902 
7520    0.975     0.901 
7521    0.975     0.900 
7522    0.974     0.899 
7523    0.974     0.899 
7524    0.974     0.899 
7525    0.974     0.899 
7526    0.975     0.900 
7527    0.975     0.900 
7528    0.975     0.900 
7529    0.974     0.899 
7530    0.973     0.898 
7531    0.973     0.898 
7532    0.973     0.897 
7533    0.973     0.898 
7534    0.974     0.899 
7535    0.975     0.900 
7536    0.975     0.901 
7537    0.976     0.902 
7538    0.976     0.902 
7539    0.976     0.902 
7540    0.975     0.902 
7541    0.975     0.901 
7542    0.974     0.901 
7543    0.973     0.900 
7544    0.971     0.899 
7545    0.973     0.900 
7546    0.974     0.902 
7547    0.974     0.902 
7548    0.974     0.903 
7549    0.975     0.904 
7550    0.976     0.905 
7551    0.975     0.904 
7552    0.974     0.904 
7553    0.974     0.904 
7554    0.974     0.904 
7555    0.974     0.904 
7556    0.974     0.904 
7557    0.973     0.903 
7558    0.972     0.901 
7559    0.972     0.901 
7560    0.972     0.901 
7561    0.972     0.901 
7562    0.973     0.901 
7563    0.974     0.902 
7564    0.975     0.903 
7565    0.976     0.904 
7566    0.977     0.904 
7567    0.977     0.904 
7568    0.977     0.904 
7569    0.977     0.903 
7570    0.976     0.902 
7571    0.975     0.901 
7572    0.974     0.900 
7573    0.973     0.899 
7574    0.973     0.898 
7575    0.974     0.899 
7576    0.975     0.900 
7577    0.974     0.899 
7578    0.974     0.899 
7579    0.975     0.899 
7580    0.975     0.899 
7581    0.974     0.881 
7582    0.972     0.862 
7583    0.973     0.846 
7584    0.974     0.829 
7585    0.974     0.812 
7586    0.974     0.795 
7587    0.973     0.777 
7588    0.972     0.759 
7589    0.972     0.742 
7590    0.972     0.725 
7591    0.971     0.707 
7592    0.970     0.689 
7593    0.971     0.673 
7594    0.972     0.656 
7595    0.972     0.639 
7596    0.972     0.622 
7597    0.972     0.605 
7598    0.972     0.588 
7599    0.972     0.570 
7600    0.972     0.553 
7601    0.971     0.536 
7602    0.970     0.518 
7603    0.971     0.502 
7604    0.972     0.485 
7605    0.972     0.468 
7606    0.972     0.474 
7607    0.972     0.480 
7608    0.971     0.486 
7609    0.972     0.492 
7610    0.973     0.499 
7611    0.973     0.505 
7612    0.973     0.511 
7613    0.974     0.518 
7614    0.975     0.524 
7615    0.974     0.530 
7616    0.974     0.536 
7617    0.973     0.542 
7618    0.972     0.547 
7619    0.972     0.553 
7620    0.972     0.560 
7621    0.971     0.565 
7622    0.971     0.571 
7623    0.971     0.577 
7624    0.971     0.583 
7625    0.971     0.590 
7626    0.971     0.596 
7627    0.972     0.602 
7628    0.973     0.609 
7629    0.973     0.615 
7630    0.974     0.622 
7631    0.973     0.627 
7632    0.973     0.631 
7633    0.972     0.637 
7634    0.972     0.642 
7635    0.972     0.647 
7636    0.971     0.652 
7637    0.972     0.657 
7638    0.972     0.663 
7639    0.972     0.668 
7640    0.972     0.673 
7641    0.972     0.678 
7642    0.972     0.683 
7643    0.972     0.689 
7644    0.972     0.694 
7645    0.973     0.700 
7646    0.974     0.706 
7647    0.975     0.712 
7648    0.975     0.717 
7649    0.975     0.723 
7650    0.976     0.728 
7651    0.975     0.733 
7652    0.975     0.738 
7653    0.975     0.744 
7654    0.976     0.749 
7655    0.975     0.754 
7656    0.975     0.760 
7657    0.975     0.766 
7658    0.975     0.772 
7659    0.974     0.777 
7660    0.974     0.783 
7661    0.973     0.788 
7662    0.972     0.793 
7663    0.972     0.799 
7664    0.971     0.805 
7665    0.971     0.810 
7666    0.971     0.816 
7667    0.971     0.822 
7668    0.971     0.828 
7669    0.971     0.834 
7670    0.971     0.840 
7671    0.971     0.846 
7672    0.970     0.852 
7673    0.972     0.859 
7674    0.973     0.866 
7675    0.973     0.872 
7676    0.972     0.877 
7677    0.974     0.885 
7678    0.976     0.892 
7679    0.975     0.898 
7680    0.975     0.903 
7681    0.975     0.903 
7682    0.975     0.903 
7683    0.974     0.902 
7684    0.973     0.902 
7685    0.973     0.902 
7686    0.973     0.902 
7687    0.973     0.902 
7688    0.974     0.903 
7689    0.974     0.903 
7690    0.974     0.903 
7691    0.973     0.902 
7692    0.972     0.901 
7693    0.972     0.902 
7694    0.972     0.902 
7695    0.972     0.901 
7696    0.971     0.901 
7697    0.972     0.902 
7698    0.973     0.902 
7699    0.972     0.902 
7700    0.972     0.901 
7701    0.972     0.902 
7702    0.972     0.902 
7703    0.971     0.901 
7704    0.971     0.901 
7705    0.971     0.901 
7706    0.972     0.902 
7707    0.971     0.902 
7708    0.971     0.901 
7709    0.972     0.902 
7710    0.973     0.903 
7711    0.972     0.902 
7712    0.971     0.902 
7713    0.971     0.902 
7714    0.972     0.903 
7715    0.972     0.903 
7716    0.973     0.904 
7717    0.972     0.903 
7718    0.972     0.903 
7719    0.971     0.903 
7720    0.971     0.902 
7721    0.970     0.902 
7722    0.970     0.902 
7723    0.970     0.902 
7724    0.971     0.903 
7725    0.971     0.903 
7726    0.971     0.903 
7727    0.971     0.903 
7728    0.971     0.903 
7729    0.972     0.904 
7730    0.972     0.904 
7731    0.972     0.904 
7732    0.972     0.905 
7733    0.973     0.905 
7734    0.974     0.906 
7735    0.974     0.906 
7736    0.974     0.906 
7737    0.974     0.906 
7738    0.973     0.906 
7739    0.972     0.905 
7740    0.971     0.904 
7741    0.973     0.905 
7742    0.974     0.906 
7743    0.974     0.906 
7744    0.975     0.907 
7745    0.975     0.907 
7746    0.976     0.908 
7747    0.976     0.907 
7748    0.975     0.907 
7749    0.974     0.906 
7750    0.974     0.906 
7751    0.973     0.905 
7752    0.971     0.904 
7753    0.970     0.903 
7754    0.969     0.902 
7755    0.969     0.902 
7756    0.970     0.902 
7757    0.970     0.902 
7758    0.970     0.902 
7759    0.971     0.903 
7760    0.972     0.903 
7761    0.972     0.903 
7762    0.972     0.903 
7763    0.972     0.904 
7764    0.973     0.904 
7765    0.973     0.904 
7766    0.973     0.904 
7767    0.973     0.904 
7768    0.973     0.904 
7769    0.974     0.904 
7770    0.974     0.905 
7771    0.974     0.904 
7772    0.974     0.904 
7773    0.974     0.904 
7774    0.974     0.904 
7775    0.974     0.904 
7776    0.973     0.903 
7777    0.974     0.904 
7778    0.975     0.904 
7779    0.975     0.904 
7780    0.975     0.905 
7781    0.976     0.905 
7782    0.976     0.905 
7783    0.976     0.904 
7784    0.976     0.904 
7785    0.975     0.903 
7786    0.974     0.902 
7787    0.973     0.901 
7788    0.973     0.901 
7789    0.972     0.900 
7790    0.972     0.900 
7791    0.972     0.900 
7792    0.972     0.899 
7793    0.972     0.899 
7794    0.972     0.899 
7795    0.971     0.899 
7796    0.971     0.898 
7797    0.970     0.897 
7798    0.970     0.897 
7799    0.971     0.897 
7800    0.972     0.898 
7801    0.972     0.898 
7802    0.971     0.897 
7803    0.972     0.898 
7804    0.973     0.899 
7805    0.973     0.899 
7806    0.973     0.899 
7807    0.974     0.899 
7808    0.975     0.900 
7809    0.974     0.899 
7810    0.974     0.898 
7811    0.973     0.897 
7812    0.972     0.896 
7813    0.972     0.896 
7814    0.972     0.896 
7815    0.972     0.896 
7816    0.973     0.897 
7817    0.973     0.897 
7818    0.974     0.897 
7819    0.974     0.897 
7820    0.973     0.896 
7821    0.973     0.896 
7822    0.973     0.895 
7823    0.973     0.896 
7824    0.973     0.896 
7825    0.973     0.895 
7826    0.973     0.895 
7827    0.973     0.895 
7828    0.974     0.895 
7829    0.974     0.896 
7830    0.975     0.896 
7831    0.975     0.896 
7832    0.975     0.896 
7833    0.975     0.896 
7834    0.975     0.896 
7835    0.975     0.895 
7836    0.974     0.895 
7837    0.975     0.895 
7838    0.975     0.895 
7839    0.975     0.895 
7840    0.975     0.894 
7841    0.975     0.894 
7842    0.975     0.894 
7843    0.975     0.894 
7844    0.975     0.894 
7845    0.974     0.893 
7846    0.974     0.893 
7847    0.974     0.892 
7848    0.973     0.892 
7849    0.973     0.892 
7850    0.973     0.891 
7851    0.972     0.891 
7852    0.972     0.890 
7853    0.972     0.890 
7854    0.972     0.890 
7855    0.972     0.890 
7856    0.972     0.890 
7857    0.973     0.890 
7858    0.974     0.891 
7859    0.974     0.891 
7860    0.974     0.891 
7861    0.973     0.890 
7862    0.972     0.889 
7863    0.972     0.889 
7864    0.972     0.889 
7865    0.972     0.889 
7866    0.972     0.889 
7867    0.973     0.890 
7868    0.974     0.891 
7869    0.974     0.890 
7870    0.973     0.890 
7871    0.973     0.889 
7872    0.972     0.888 
7873    0.972     0.889 
7874    0.973     0.889 
7875    0.973     0.889 
7876    0.973     0.889 
7877    0.973     0.889 
7878    0.973     0.889 
7879    0.973     0.888 
7880    0.972     0.888 
7881    0.971     0.887 
7882    0.970     0.886 
7883    0.971     0.887 
7884    0.971     0.887 
7885    0.972     0.888 
7886    0.973     0.889 
7887    0.974     0.890 
7888    0.975     0.891 
7889    0.974     0.890 
7890    0.974     0.890 
7891    0.973     0.889 
7892    0.972     0.888 
7893    0.972     0.888 
7894    0.972     0.888 
7895    0.972     0.888 
7896    0.972     0.888 
7897    0.972     0.889 
7898    0.973     0.889 
7899    0.974     0.890 
7900    0.974     0.890 
7901    0.975     0.891 
7902    0.975     0.891 
7903    0.975     0.891 
7904    0.975     0.891 
7905    0.975     0.891 
7906    0.975     0.891 
7907    0.975     0.891 
7908    0.975     0.891 
7909    0.976     0.892 
7910    0.976     0.893 
7911    0.976     0.892 
7912    0.975     0.892 
7913    0.974     0.891 
7914    0.973     0.890 
7915    0.974     0.891 
7916    0.974     0.891 
7917    0.974     0.891 
7918    0.973     0.891 
7919    0.975     0.892 
7920    0.976     0.893 
7921    0.976     0.893 
7922    0.976     0.893 
7923    0.975     0.893 
7924    0.975     0.893 
7925    0.974     0.892 
7926    0.974     0.892 
7927    0.972     0.890 
7928    0.970     0.889 
7929    0.970     0.889 
7930    0.970     0.889 
7931    0.970     0.889 
7932    0.970     0.889 
7933    0.971     0.890 
7934    0.971     0.891 
7935    0.972     0.891 
7936    0.973     0.892 
7937    0.973     0.893 
7938    0.974     0.893 
7939    0.974     0.894 
7940    0.975     0.895 
7941    0.974     0.894 
7942    0.974     0.894 
7943    0.973     0.893 
7944    0.971     0.892 
7945    0.971     0.892 
7946    0.970     0.891 
7947    0.970     0.891 
7948    0.970     0.892 
7949    0.971     0.893 
7950    0.972     0.894 
7951    0.972     0.894 
7952    0.972     0.894 
7953    0.971     0.893 
7954    0.971     0.893 
7955    0.970     0.893 
7956    0.969     0.892 
7957    0.971     0.893 
7958    0.972     0.894 
7959    0.971     0.893 
7960    0.970     0.893 
7961    0.970     0.893 
7962    0.971     0.893 
7963    0.970     0.892 
7964    0.969     0.892 
7965    0.971     0.894 
7966    0.973     0.895 
7967    0.973     0.895 
7968    0.973     0.895 
7969    0.973     0.895 
7970    0.973     0.896 
7971    0.972     0.895 
7972    0.972     0.894 
7973    0.971     0.894 
7974    0.971     0.893 
7975    0.972     0.894 
7976    0.973     0.895 
7977    0.973     0.895 
7978    0.973     0.895 
7979    0.974     0.896 
7980    0.975     0.898 
7981    0.975     0.897 
7982    0.974     0.896 
7983    0.973     0.895 
7984    0.972     0.894 
7985    0.972     0.894 
7986    0.972     0.894 
7987    0.972     0.894 
7988    0.972     0.893 
7989    0.972     0.893 
7990    0.972     0.894 
7991    0.972     0.893 
7992    0.972     0.893 
7993    0.973     0.894 
7994    0.973     0.894 
7995    0.974     0.895 
7996    0.975     0.896 
7997    0.975     0.896 
7998    0.975     0.895 
7999    0.975     0.895 
8000    0.974     0.895 
8001    0.975     0.895 
8002    0.976     0.896 
8003    0.977     0.896 
8004    0.978     0.897 
8005    0.978     0.897 
8006    0.977     0.896 
8007    0.976     0.895 
8008    0.974     0.893 
8009    0.973     0.892 
8010    0.972     0.891 
8011    0.971     0.889 
8012    0.969     0.888 
8013    0.969     0.888 
8014    0.968     0.887 
8015    0.968     0.886 
8016    0.968     0.886 
8017    0.969     0.887 
8018    0.971     0.888 
8019    0.972     0.889 
8020    0.973     0.890 
8021    0.973     0.890 
8022    0.974     0.891 
8023    0.973     0.890 
8024    0.972     0.889 
8025    0.973     0.890 
8026    0.974     0.891 
8027    0.974     0.890 
8028    0.974     0.890 
8029    0.974     0.890 
8030    0.974     0.889 
8031    0.973     0.889 
8032    0.973     0.888 
8033    0.972     0.888 
8034    0.972     0.887 
8035    0.972     0.888 
8036    0.973     0.888 
8037    0.973     0.888 
8038    0.974     0.888 
8039    0.974     0.889 
8040    0.975     0.890 
8041    0.976     0.890 
8042    0.977     0.891 
8043    0.977     0.890 
8044    0.976     0.890 
8045    0.976     0.889 
8046    0.975     0.888 
8047    0.976     0.889 
8048    0.976     0.889 
8049    0.977     0.890 
8050    0.978     0.890 
8051    0.978     0.890 
8052    0.977     0.889 
8053    0.976     0.888 
8054    0.974     0.887 
8055    0.973     0.885 
8056    0.972     0.884 
8057    0.973     0.885 
8058    0.974     0.885 
8059    0.975     0.887 
8060    0.977     0.888 
8061    0.977     0.888 
8062    0.978     0.888 
8063    0.978     0.888 
8064    0.978     0.887 
8065    0.977     0.886 
8066    0.976     0.885 
8067    0.976     0.885 
8068    0.976     0.885 
8069    0.975     0.884 
8070    0.974     0.883 
8071    0.973     0.882 
8072    0.972     0.881 
8073    0.973     0.881 
8074    0.973     0.881 
8075    0.974     0.882 
8076    0.976     0.883 
8077    0.977     0.884 
8078    0.978     0.884 
8079    0.977     0.884 
8080    0.977     0.884 
8081    0.977     0.883 
8082    0.977     0.881 
8083    0.975     0.880 
8084    0.974     0.878 
8085    0.974     0.877 
8086    0.973     0.875 
8087    0.972     0.874 
8088    0.972     0.872 
8089    0.972     0.872 
8090    0.973     0.872 
8091    0.974     0.872 
8092    0.975     0.872 
8093    0.976     0.872 
8094    0.977     0.872 
8095    0.978     0.873 
8096    0.979     0.873 
8097    0.980     0.872 
8098    0.980     0.872 
8099    0.981     0.872 
8100    0.981     0.871 
8101    0.981     0.870 
8102    0.980     0.869 
8103    0.980     0.868 
8104    0.981     0.868 
8105    0.980     0.866 
8106    0.979     0.864 
8107    0.978     0.863 
8108    0.978     0.861 
8109    0.977     0.859 
8110    0.976     0.857 
8111    0.976     0.856 
8112    0.976     0.855 
8113    0.975     0.854 
8114    0.974     0.852 
8115    0.976     0.853 
8116    0.978     0.853 
8117    0.977     0.852 
8118    0.977     0.850 
8119    0.978     0.850 
8120    0.979     0.850 
8121    0.977     0.847 
8122    0.976     0.845 
8123    0.975     0.844 
8124    0.975     0.842 
8125    0.975     0.842 
8126    0.976     0.841 
8127    0.976     0.840 
8128    0.976     0.839 
8129    0.977     0.839 
8130    0.979     0.840 
8131    0.978     0.838 
8132    0.977     0.836 
8133    0.977     0.835 
8134    0.977     0.835 
8135    0.975     0.832 
8136    0.973     0.829 
8137    0.973     0.828 
8138    0.972     0.827 
8139    0.971     0.825 
8140    0.970     0.823 
8141    0.971     0.823 
8142    0.972     0.823 
8143    0.970     0.820 
8144    0.968     0.818 
8145    0.969     0.818 
8146    0.970     0.818 
8147    0.970     0.817 
8148    0.970     0.816 
8149    0.971     0.816 
8150    0.973     0.816 
8151    0.972     0.815 
8152    0.971     0.813 
8153    0.970     0.811 
8154    0.969     0.809 
8155    0.971     0.810 
8156    0.973     0.811 
8157    0.973     0.810 
8158    0.973     0.809 
8159    0.974     0.810 
8160    0.975     0.810 
8161    0.973     0.808 
8162    0.971     0.805 
8163    0.971     0.805 
8164    0.971     0.804 
8165    0.971     0.803 
8166    0.970     0.802 
8167    0.972     0.803 
8168    0.973     0.803 
8169    0.973     0.802 
8170    0.973     0.802 
8171    0.972     0.801 
8172    0.972     0.800 
8173    0.972     0.799 
8174    0.972     0.798 
8175    0.972     0.798 
8176    0.972     0.797 
8177    0.973     0.797 
8178    0.974     0.797 
8179    0.973     0.796 
8180    0.973     0.795 
8181    0.972     0.794 
8182    0.972     0.793 
8183    0.973     0.793 
8184    0.973     0.794 
8185    0.973     0.793 
8186    0.973     0.792 
8187    0.972     0.792 
8188    0.972     0.791 
8189    0.971     0.789 
8190    0.969     0.788 
8191    0.969     0.787 
8192    0.969     0.787 
8193    0.969     0.786 
8194    0.968     0.785 
8195    0.968     0.785 
8196    0.968     0.784 
8197    0.967     0.783 
8198    0.966     0.782 
8199    0.966     0.781 
8200    0.965     0.780 
8201    0.964     0.779 
8202    0.964     0.778 
8203    0.963     0.777 
8204    0.962     0.776 
8205    0.963     0.776 
8206    0.963     0.776 
8207    0.963     0.776 
8208    0.964     0.776 
8209    0.963     0.775 
8210    0.962     0.775 
8211    0.963     0.775 
8212    0.964     0.775 
8213    0.963     0.774 
8214    0.961     0.773 
8215    0.962     0.773 
8216    0.962     0.773 
8217    0.962     0.772 
8218    0.961     0.772 
8219    0.962     0.772 
8220    0.962     0.772 
8221    0.961     0.771 
8222    0.960     0.770 
8223    0.960     0.770 
8224    0.960     0.770 
8225    0.961     0.770 
8226    0.961     0.770 
8227    0.963     0.772 
8228    0.965     0.773 
8229    0.965     0.773 
8230    0.965     0.772 
8231    0.965     0.772 
8232    0.964     0.772 
8233    0.963     0.770 
8234    0.961     0.769 
8235    0.960     0.768 
8236    0.959     0.768 
8237    0.959     0.767 
8238    0.958     0.767 
8239    0.959     0.767 
8240    0.959     0.768 
8241    0.958     0.767 
8242    0.957     0.766 
8243    0.958     0.767 
8244    0.960     0.768 
8245    0.959     0.768 
8246    0.958     0.767 
8247    0.960     0.769 
8248    0.962     0.770 
8249    0.962     0.770 
8250    0.961     0.770 
8251    0.963     0.771 
8252    0.964     0.772 
8253    0.963     0.771 
8254    0.962     0.770 
8255    0.962     0.770 
8256    0.962     0.770 
8257    0.961     0.770 
8258    0.961     0.770 
8259    0.960     0.770 
8260    0.960     0.770 
8261    0.958     0.769 
8262    0.957     0.768 
8263    0.957     0.769 
8264    0.957     0.769 
8265    0.957     0.769 
8266    0.957     0.769 
8267    0.959     0.771 
8268    0.960     0.772 
8269    0.959     0.772 
8270    0.959     0.772 
8271    0.958     0.771 
8272    0.957     0.771 
8273    0.956     0.770 
8274    0.955     0.770 
8275    0.955     0.770 
8276    0.955     0.770 
8277    0.955     0.771 
8278    0.956     0.772 
8279    0.955     0.771 
8280    0.953     0.770 
8281    0.955     0.772 
8282    0.956     0.773 
8283    0.955     0.773 
8284    0.954     0.773 
8285    0.954     0.773 
8286    0.953     0.773 
8287    0.951     0.772 
8288    0.949     0.771 
8289    0.950     0.772 
8290    0.950     0.773 
8291    0.952     0.774 
8292    0.953     0.776 
8293    0.952     0.776 
8294    0.951     0.776 
8295    0.951     0.776 
8296    0.951     0.776 
8297    0.950     0.776 
8298    0.949     0.776 
8299    0.950     0.777 
8300    0.951     0.779 
8301    0.950     0.778 
8302    0.949     0.778 
8303    0.950     0.779 
8304    0.951     0.780 
8305    0.948     0.779 
8306    0.946     0.777 
8307    0.946     0.778 
8308    0.946     0.779 
8309    0.945     0.779 
8310    0.944     0.779 
8311    0.945     0.780 
8312    0.945     0.781 
8313    0.945     0.781 
8314    0.944     0.781 
8315    0.944     0.781 
8316    0.944     0.782 
8317    0.944     0.783 
8318    0.945     0.783 
8319    0.942     0.782 
8320    0.940     0.781 
8321    0.938     0.779 
8322    0.935     0.778 
8323    0.933     0.777 
8324    0.931     0.776 
8325    0.930     0.775 
8326    0.929     0.775 
8327    0.928     0.775 
8328    0.927     0.775 
8329    0.926     0.774 
8330    0.924     0.773 
8331    0.921     0.771 
8332    0.918     0.769 
8333    0.917     0.768 
8334    0.915     0.766 
8335    0.914     0.765 
8336    0.913     0.765 
8337    0.912     0.764 
8338    0.910     0.763 
8339    0.910     0.763 
8340    0.909     0.762 
8341    0.906     0.760 
8342    0.903     0.757 
8343    0.901     0.756 
8344    0.899     0.754 
8345    0.894     0.750 
8346    0.889     0.746 
8347    0.887     0.744 
8348    0.884     0.742 
8349    0.884     0.742 
8350    0.883     0.742 
8351    0.882     0.741 
8352    0.880     0.740 
8353    0.878     0.738 
8354    0.876     0.736 
8355    0.871     0.732 
8356    0.865     0.727 
8357    0.864     0.725 
8358    0.862     0.724 
8359    0.858     0.720 
8360    0.854     0.717 
8361    0.852     0.715 
8362    0.850     0.713 
8363    0.846     0.710 
8364    0.843     0.706 
8365    0.841     0.704 
8366    0.839     0.702 
8367    0.834     0.698 
8368    0.829     0.694 
8369    0.824     0.689 
8370    0.818     0.684 
8371    0.814     0.680 
8372    0.809     0.676 
8373    0.806     0.673 
8374    0.803     0.671 
8375    0.801     0.669 
8376    0.800     0.667 
8377    0.795     0.664 
8378    0.791     0.660 
8379    0.787     0.656 
8380    0.782     0.652 
8381    0.777     0.647 
8382    0.772     0.643 
8383    0.765     0.637 
8384    0.759     0.632 
8385    0.753     0.627 
8386    0.748     0.622 
8387    0.742     0.617 
8388    0.736     0.612 
8389    0.734     0.610 
8390    0.732     0.608 
8391    0.730     0.606 
8392    0.727     0.603 
8393    0.722     0.599 
8394    0.717     0.595 
8395    0.711     0.590 
8396    0.706     0.585 
8397    0.699     0.579 
8398    0.692     0.573 
8399    0.687     0.569 
8400    0.682     0.564 
8401    0.675     0.559 
8402    0.669     0.553 
8403    0.663     0.548 
8404    0.657     0.543 
8405    0.651     0.538 
8406    0.646     0.534 
8407    0.639     0.528 
8408    0.632     0.522 
8409    0.627     0.518 
8410    0.622     0.513 
8411    0.616     0.508 
8412    0.610     0.503 
8413    0.606     0.499 
8414    0.601     0.495 
8415    0.596     0.491 
8416    0.590     0.486 
8417    0.585     0.481 
8418    0.579     0.476 
8419    0.574     0.472 
8420    0.569     0.467 
8421    0.563     0.463 
8422    0.558     0.458 
8423    0.551     0.453 
8424    0.544     0.447 
8425    0.539     0.442 
8426    0.533     0.437 
8427    0.528     0.433 
8428    0.522     0.428 
8429    0.518     0.424 
8430    0.513     0.420 
8431    0.505     0.414 
8432    0.497     0.407 
8433    0.492     0.403 
8434    0.487     0.399 
8435    0.482     0.394 
8436    0.476     0.389 
8437    0.473     0.387 
8438    0.470     0.384 
8439    0.464     0.379 
8440    0.457     0.373 
8441    0.452     0.369 
8442    0.446     0.364 
8443    0.440     0.359 
8444    0.434     0.354 
8445    0.428     0.349 
8446    0.423     0.344 
8447    0.417     0.340 
8448    0.412     0.335 
8449    0.407     0.331 
8450    0.401     0.327 
8451    0.396     0.322 
8452    0.391     0.318 
8453    0.386     0.314 
8454    0.382     0.310 
8455    0.376     0.306 
8456    0.371     0.301 
8457    0.365     0.296 
8458    0.359     0.291 
8459    0.355     0.288 
8460    0.351     0.285 
8461    0.347     0.281 
8462    0.342     0.277 
8463    0.339     0.275 
8464    0.335     0.272 
8465    0.331     0.268 
8466    0.326     0.264 
8467    0.321     0.260 
8468    0.317     0.256 
8469    0.311     0.252 
8470    0.306     0.247 
8471    0.303     0.245 
8472    0.299     0.242 
8473    0.295     0.239 
8474    0.291     0.235 
8475    0.287     0.232 
8476    0.283     0.228 
8477    0.279     0.225 
8478    0.275     0.222 
8479    0.270     0.218 
8480    0.265     0.214 
8481    0.263     0.212 
8482    0.261     0.210 
8483    0.256     0.206 
8484    0.251     0.202 
8485    0.248     0.200 
8486    0.245     0.197 
8487    0.241     0.194 
8488    0.236     0.190 
8489    0.233     0.187 
8490    0.230     0.185 
8491    0.226     0.182 
8492    0.223     0.179 
8493    0.219     0.176 
8494    0.216     0.173 
8495    0.213     0.171 
8496    0.210     0.168 
8497    0.207     0.166 
8498    0.204     0.163 
8499    0.199     0.160 
8500    0.195     0.156 
8501    0.191     0.153 
8502    0.186     0.149 
8503    0.183     0.147 
8504    0.180     0.144 
8505    0.178     0.142 
8506    0.176     0.141 
8507    0.174     0.139 
8508    0.172     0.138 
8509    0.169     0.135 
8510    0.166     0.132 
8511    0.163     0.130 
8512    0.160     0.128 
8513    0.157     0.125 
8514    0.155     0.123 
8515    0.152     0.121 
8516    0.150     0.119 
8517    0.147     0.117 
8518    0.144     0.114 
8519    0.141     0.112 
8520    0.139     0.110 
8521    0.136     0.108 
8522    0.134     0.107 
8523    0.132     0.105 
8524    0.130     0.103 
8525    0.129     0.102 
8526    0.127     0.101 
8527    0.125     0.099 
8528    0.124     0.098 
8529    0.121     0.096 
8530    0.118     0.093 
8531    0.115     0.091 
8532    0.112     0.088 
8533    0.109     0.086 
8534    0.106     0.084 
8535    0.104     0.082 
8536    0.102     0.081 
8537    0.100     0.079 
8538    0.098     0.077 
8539    0.096     0.076 
8540    0.095     0.075 
8541    0.094     0.074 
8542    0.093     0.073 
8543    0.092     0.072 
8544    0.091     0.071 
8545    0.089     0.070 
8546    0.087     0.069 
8547    0.085     0.067 
8548    0.083     0.065 
8549    0.081     0.064 
8550    0.080     0.063 
8551    0.078     0.062 
8552    0.077     0.060 
8553    0.076     0.060 
8554    0.075     0.059 
8555    0.074     0.058 
8556    0.073     0.058 
8557    0.072     0.056 
8558    0.071     0.055 
8559    0.069     0.054 
8560    0.068     0.053 
8561    0.067     0.052 
8562    0.065     0.051 
8563    0.064     0.050 
8564    0.063     0.049 
8565    0.061     0.048 
8566    0.059     0.046 
8567    0.057     0.045 
8568    0.056     0.044 
8569    0.054     0.042 
8570    0.053     0.041 
8571    0.052     0.040 
8572    0.051     0.039 
8573    0.050     0.039 
8574    0.049     0.039 
8575    0.048     0.037 
8576    0.047     0.036 
8577    0.046     0.036 
8578    0.045     0.035 
8579    0.044     0.034 
8580    0.042     0.033 
8581    0.042     0.033 
8582    0.042     0.033 
8583    0.041     0.032 
8584    0.040     0.031 
8585    0.040     0.031 
8586    0.039     0.030 
8587    0.038     0.030 
8588    0.037     0.029 
8589    0.037     0.029 
8590    0.036     0.028 
8591    0.035     0.027 
8592    0.034     0.026 
8593    0.033     0.025 
8594    0.032     0.024 
8595    0.031     0.024 
8596    0.030     0.023 
8597    0.029     0.023 
8598    0.029     0.022 
8599    0.029     0.022 
8600    0.029     0.022 
8601    0.029     0.022 
8602    0.029     0.022 
8603    0.028     0.021 
8604    0.027     0.021 
8605    0.026     0.020 
8606    0.026     0.020 
8607    0.025     0.019 
8608    0.024     0.019 
8609    0.024     0.019 
8610    0.024     0.019 
8611    0.023     0.018 
8612    0.023     0.017 
8613    0.022     0.017 
8614    0.022     0.017 
8615    0.021     0.016 
8616    0.021     0.016 
8617    0.020     0.015 
8618    0.020     0.015 
8619    0.019     0.015 
8620    0.019     0.015 
8621    0.019     0.014 
8622    0.018     0.014 
8623    0.018     0.014 
8624    0.018     0.014 
8625    0.018     0.013 
8626    0.017     0.013 
8627    0.017     0.013 
8628    0.017     0.013 
8629    0.016     0.012 
8630    0.015     0.012 
8631    0.015     0.012 
8632    0.015     0.011 
8633    0.014     0.011 
8634    0.014     0.011 
8635    0.014     0.011 
8636    0.014     0.010 
8637    0.013     0.010 
8638    0.013     0.010 
8639    0.013     0.010 
8640    0.013     0.009 
8641    0.012     0.009 
8642    0.012     0.009 
8643    0.012     0.009 
8644    0.012     0.009 
8645    0.012     0.009 
8646    0.012     0.009 
8647    0.011     0.008 
8648    0.011     0.008 
8649    0.010     0.008 
8650    0.010     0.008 
8651    0.009     0.007 
8652    0.009     0.007 
8653    0.009     0.007 
8654    0.008     0.006 
8655    0.008     0.006 
8656    0.007     0.006 
8657    0.007     0.006 
8658    0.007     0.006 
8659    0.008     0.006 
8660    0.008     0.006 
8661    0.008     0.006 
8662    0.008     0.006 
8663    0.007     0.005 
8664    0.007     0.005 
8665    0.007     0.005 
8666    0.007     0.005 
8667    0.007     0.005 
8668    0.007     0.005 
8669    0.006     0.005 
8670    0.006     0.005 
8671    0.006     0.005 
8672    0.006     0.005 
8673    0.006     0.005 
8674    0.006     0.005 
8675    0.006     0.005 
8676    0.006     0.004 
8677    0.005     0.004 
8678    0.005     0.004 
8679    0.004     0.003 
8680    0.004     0.003 
8681    0.004     0.003 
8682    0.004     0.003 
8683    0.004     0.003 
8684    0.003     0.002 
8685    0.003     0.002 
8686    0.003     0.002 
8687    0.003     0.003 
8688    0.004     0.003 
8689    0.004     0.003 
8690    0.005     0.004 
8691    0.005     0.004 
8692    0.005     0.004 
8693    0.005     0.003 
8694    0.004     0.003 
8695    0.003     0.003 
8696    0.002     0.002 
8697    0.003     0.002 
8698    0.004     0.003 
8699    0.004     0.003 
8700    0.004     0.003 
8701    0.005     0.003 
8702    0.005     0.004 
8703    0.004     0.003 
8704    0.004     0.003 
8705    0.003     0.002 
8706    0.003     0.002 
8707    0.003     0.002 
8708    0.003     0.002 
8709    0.002     0.002 
8710    0.001     0.001 
8711    0.002     0.001 
8712    0.003     0.002 
8713    0.003     0.002 
8714    0.003     0.002 
8715    0.003     0.002 
8716    0.003     0.002 
8717    0.003     0.002 
8718    0.002     0.002 
8719    0.002     0.002 
8720    0.002     0.001 
8721    0.002     0.001 
8722    0.002     0.001 
8723    0.001     0.001 
8724    0.000     0.000 
8725    0.000     0.000 
8726    0.000     0.000 
8727    0.001     0.001 
8728    0.001     0.001 
8729    0.002     0.001 
8730    0.002     0.001 
8731    0.002     0.001 
8732    0.002     0.001 
8733    0.002     0.002 
8734    0.003     0.002 
8735    0.003     0.002 
8736    0.003     0.002 
8737    0.004     0.003 
8738    0.006     0.004 
8739    0.006     0.004 
8740    0.006     0.004 
8741    0.005     0.003 
8742    0.004     0.003 
8743    0.004     0.003 
8744    0.004     0.003 
8745    0.003     0.002 
8746    0.002     0.002 
8747    0.003     0.002 
8748    0.003     0.002 
8749    0.001     0.001 
8750    0.000     0.000 
8751    0.000     0.000 
8752    0.000     0.000 
8753    0.001     0.001 
8754    0.002     0.001 
8755    0.002     0.001 
8756    0.002     0.001 
8757    0.001     0.001 
8758    0.001     0.001 
8759    0.001     0.000 
8760    0.000     0.000 
8761    0.000     0.000 
8762    0.000     0.000 
8763    0.001     0.001 
8764    0.001     0.001 
8765    0.001     0.001 
8766    0.001     0.001 
8767    0.001     0.000 
8768    0.000     0.000 
8769    0.000     0.000 
8770    0.000     0.000 
8771    0.000     0.000 
8772    0.000     0.000 
8773    0.000     0.000 
8774    0.000     0.000 
8775    0.000     0.000 
8776    0.000     0.000 
8777    0.000     0.000 
8778    0.000     0.000 
8779    0.000     0.000 
8780    0.000     0.000 
8781    0.001     0.001 
8782    0.001     0.001 
8783    0.002     0.001 
8784    0.002     0.001 
8785    0.002     0.001 
8786    0.002     0.001 
8787    0.001     0.001 
8788    0.000     0.000 
8789    0.000     0.000 
8790    0.000     0.000 
8791    0.000     0.000 
8792    0.000     0.000 
8793    0.001     0.001 
8794    0.002     0.001 
8795    0.003     0.002 
8796    0.005     0.003 
8797    0.005     0.003 
8798    0.004     0.003 
8799    0.002     0.002 
8800    0.000     0.000 
8801    0.000     0.000 
8802    0.000     0.000 
8803    0.000     0.000 
8804    0.000     0.000 
8805    0.000     0.000 
8806    0.000     0.000 
8807    0.000     0.000 
8808    0.000     0.000 
8809    0.000     0.000 
8810    0.000     0.000 
8811    0.002     0.001 
8812    0.003     0.002 
8813    0.004     0.003 
8814    0.005     0.004 
8815    0.004     0.003 
8816    0.003     0.002 
8817    0.002     0.001 
8818    0.000     0.000 
8819    0.000     0.000 
8820    0.000     0.000 
8821    0.000     0.000 
8822    0.000     0.000 
8823    0.001     0.001 
8824    0.002     0.001 
8825    0.003     0.002 
8826    0.003     0.002 
8827    0.005     0.003 
8828    0.006     0.004 
8829    0.004     0.003 
8830    0.003     0.002 
8831    0.001     0.001 
8832    0.000     0.000 
8833    0.000     0.000 
8834    0.000     0.000 
8835    0.002     0.001 
8836    0.004     0.003 
8837    0.005     0.003 
8838    0.006     0.004 
8839    0.004     0.003 
8840    0.003     0.002 
8841    0.001     0.001 
8842    0.000     0.000 
8843    0.000     0.000 
8844    0.000     0.000 
8845    0.000     0.000 
8846    0.000     0.000 
8847    0.000     0.000 
8848    0.000     0.000 
8849    0.000     0.000 
8850    0.000     0.000 
8851    0.000     0.000 
8852    0.000     0.000 
8853    0.000     0.000 
8854    0.000     0.000 
8855    0.000     0.000 
8856    0.000     0.000 
8857    0.000     0.000 
8858    0.000     0.000 
8859    0.002     0.001 
8860    0.003     0.002 
8861    0.003     0.002 
8862    0.003     0.002 
8863    0.001     0.001 
8864    0.000     0.000 
8865    0.000     0.000 
8866    0.000     0.000 
8867    0.000     0.000 
8868    0.000     0.000 
8869    0.004     0.003 
8870    0.009     0.006 
8871    0.009     0.006 
8872    0.010     0.007 
8873    0.008     0.005 
8874    0.007     0.004 
8875    0.005     0.003 
8876    0.003     0.002 
8877    0.002     0.001 
8878    0.000     0.000 
8879    0.000     0.000 
8880    0.000     0.000 
8881    0.000     0.000 
8882    0.000     0.000 
8883    0.000     0.000 
8884    0.000     0.000 
8885    0.002     0.001 
8886    0.004     0.003 
8887    0.003     0.002 
8888    0.003     0.002 
8889    0.002     0.001 
8890    0.000     0.000 
8891    0.000     0.000 
8892    0.000     0.000 
8893    0.000     0.000 
8894    0.000     0.000 
8895    0.000     0.000 
8896    0.000     0.000 
8897    0.001     0.000 
8898    0.001     0.001 
8899    0.001     0.000 
8900    0.000     0.000 
8901    0.000     0.000 
8902    0.000     0.000 
8903    0.000     0.000 
8904    0.000     0.000 
8905    0.000     0.000 
8906    0.000     0.000 
8907    0.000     0.000 
8908    0.000     0.000 
8909    0.000     0.000 
8910    0.000     0.000 
8911    0.001     0.000 
8912    0.001     0.001 
8913    0.002     0.001 
8914    0.002     0.001 
8915    0.001     0.001 
8916    0.000     0.000 
8917    0.000     0.000 
8918    0.000     0.000 
8919    0.000     0.000 
8920    0.000     0.000 
8921    0.000     0.000 
8922    0.000     0.000 
8923    0.000     0.000 
8924    0.000     0.000 
8925    0.002     0.001 
8926    0.004     0.002 
8927    0.003     0.002 
8928    0.002     0.001 
8929    0.007     0.004 
8930    0.012     0.007 
8931    0.008     0.005 
8932    0.003     0.002 
8933    0.003     0.002 
8934    0.003     0.002 
8935    0.005     0.003 
8936    0.008     0.005 
8937    0.010     0.006 
8938    0.012     0.008 
8939    0.014     0.009 
8940    0.016     0.010 
8941    0.008     0.005 
8942    0.000     0.000 
8943    0.000     0.000 
8944    0.000     0.000 
8945    0.000     0.000 
8946    0.000     0.000 
8947    0.000     0.000 
8948    0.000     0.000 
8949    0.000     0.000 
8950    0.000     0.000 
8951    0.000     0.000 
8952    0.000     0.000 
8953    0.000     0.000 
8954    0.000     0.000 
8955    0.000     0.000 
8956    0.000     0.000 
8957    0.000     0.000 
8958    0.000     0.000 
8959    0.000     0.000 
8960    0.000     0.000 
8961    0.000     0.000 
8962    0.000     0.000 
8963    0.000     0.000 
8964    0.000     0.000 
8965    0.000     0.000 
8966    0.000     0.000 
8967    0.000     0.000 
8968    0.000     0.000 
8969    0.000     0.000 
8970    0.000     0.000 
8971    0.000     0.000 
8972    0.000     0.000 
8973    0.003     0.001 
8974    0.005     0.003 
8975    0.003     0.002 
8976    0.001     0.001 
8977    0.001     0.000 
8978    0.000     0.000 
8979    0.003     0.001 
8980    0.005     0.003 
8981    0.008     0.005 
8982    0.011     0.006 
8983    0.012     0.007 
8984    0.013     0.007 
8985    0.012     0.007 
8986    0.012     0.007 
8987    0.012     0.007 
8988    0.012     0.007 
8989    0.009     0.005 
8990    0.006     0.003 
8991    0.003     0.002 
8992    0.000     0.000 
8993    0.000     0.000 
8994    0.000     0.000 
8995    0.004     0.002 
8996    0.008     0.005 
8997    0.014     0.008 
8998    0.019     0.011 
8999    0.024     0.013 
9000    0.029     0.016 
