# Filter transmission for J-PLUS filter rSDSS
# Authors: Jesus Varela (jvarela@cefca.es), Toni Marin (amarin@cefca.es), César Iñiguez (ciniguez@cefca.es)
# Date: 2015-05-19
# wl[A]   T[ccd]    T[ccd+filter+atm]
5002    0.000     0.000 
5003    0.000     0.000 
5004    0.000     0.000 
5005    0.000     0.000 
5006    0.000     0.000 
5007    0.000     0.000 
5008    0.000     0.000 
5009    0.000     0.000 
5010    0.000     0.000 
5011    0.000     0.000 
5012    0.000     0.000 
5013    0.000     0.000 
5014    0.000     0.000 
5015    0.000     0.000 
5016    0.000     0.000 
5017    0.000     0.000 
5018    0.000     0.000 
5019    0.000     0.000 
5020    0.000     0.000 
5021    0.000     0.000 
5022    0.000     0.000 
5023    0.000     0.000 
5024    0.000     0.000 
5025    0.000     0.000 
5026    0.000     0.000 
5027    0.000     0.000 
5028    0.000     0.000 
5029    0.000     0.000 
5030    0.000     0.000 
5031    0.000     0.000 
5032    0.000     0.000 
5033    0.000     0.000 
5034    0.000     0.000 
5035    0.000     0.000 
5036    0.000     0.000 
5037    0.000     0.000 
5038    0.000     0.000 
5039    0.000     0.000 
5040    0.000     0.000 
5041    0.000     0.000 
5042    0.000     0.000 
5043    0.000     0.000 
5044    0.000     0.000 
5045    0.000     0.000 
5046    0.000     0.000 
5047    0.000     0.000 
5048    0.000     0.000 
5049    0.000     0.000 
5050    0.000     0.000 
5051    0.000     0.000 
5052    0.000     0.000 
5053    0.000     0.000 
5054    0.000     0.000 
5055    0.000     0.000 
5056    0.000     0.000 
5057    0.000     0.000 
5058    0.000     0.000 
5059    0.000     0.000 
5060    0.000     0.000 
5061    0.000     0.000 
5062    0.000     0.000 
5063    0.000     0.000 
5064    0.000     0.000 
5065    0.000     0.000 
5066    0.000     0.000 
5067    0.000     0.000 
5068    0.000     0.000 
5069    0.000     0.000 
5070    0.000     0.000 
5071    0.000     0.000 
5072    0.000     0.000 
5073    0.000     0.000 
5074    0.000     0.000 
5075    0.000     0.000 
5076    0.000     0.000 
5077    0.000     0.000 
5078    0.000     0.000 
5079    0.000     0.000 
5080    0.000     0.000 
5081    0.000     0.000 
5082    0.000     0.000 
5083    0.000     0.000 
5084    0.000     0.000 
5085    0.000     0.000 
5086    0.000     0.000 
5087    0.000     0.000 
5088    0.000     0.000 
5089    0.000     0.000 
5090    0.000     0.000 
5091    0.000     0.000 
5092    0.000     0.000 
5093    0.000     0.000 
5094    0.000     0.000 
5095    0.000     0.000 
5096    0.000     0.000 
5097    0.000     0.000 
5098    0.000     0.000 
5099    0.000     0.000 
5100    0.000     0.000 
5101    0.000     0.000 
5102    0.000     0.000 
5103    0.000     0.000 
5104    0.000     0.000 
5105    0.000     0.000 
5106    0.000     0.000 
5107    0.000     0.000 
5108    0.000     0.000 
5109    0.000     0.000 
5110    0.000     0.000 
5111    0.000     0.000 
5112    0.000     0.000 
5113    0.000     0.000 
5114    0.000     0.000 
5115    0.000     0.000 
5116    0.000     0.000 
5117    0.000     0.000 
5118    0.000     0.000 
5119    0.000     0.000 
5120    0.000     0.000 
5121    0.000     0.000 
5122    0.000     0.000 
5123    0.000     0.000 
5124    0.000     0.000 
5125    0.000     0.000 
5126    0.000     0.000 
5127    0.000     0.000 
5128    0.000     0.000 
5129    0.000     0.000 
5130    0.000     0.000 
5131    0.000     0.000 
5132    0.000     0.000 
5133    0.000     0.000 
5134    0.000     0.000 
5135    0.000     0.000 
5136    0.000     0.000 
5137    0.000     0.000 
5138    0.000     0.000 
5139    0.000     0.000 
5140    0.000     0.000 
5141    0.000     0.000 
5142    0.000     0.000 
5143    0.000     0.000 
5144    0.000     0.000 
5145    0.000     0.000 
5146    0.000     0.000 
5147    0.000     0.000 
5148    0.000     0.000 
5149    0.000     0.000 
5150    0.000     0.000 
5151    0.000     0.000 
5152    0.000     0.000 
5153    0.000     0.000 
5154    0.000     0.000 
5155    0.000     0.000 
5156    0.000     0.000 
5157    0.000     0.000 
5158    0.000     0.000 
5159    0.000     0.000 
5160    0.000     0.000 
5161    0.000     0.000 
5162    0.000     0.000 
5163    0.000     0.000 
5164    0.000     0.000 
5165    0.000     0.000 
5166    0.000     0.000 
5167    0.000     0.000 
5168    0.000     0.000 
5169    0.000     0.000 
5170    0.000     0.000 
5171    0.000     0.000 
5172    0.000     0.000 
5173    0.000     0.000 
5174    0.000     0.000 
5175    0.000     0.000 
5176    0.000     0.000 
5177    0.000     0.000 
5178    0.000     0.000 
5179    0.000     0.000 
5180    0.000     0.000 
5181    0.000     0.000 
5182    0.000     0.000 
5183    0.000     0.000 
5184    0.000     0.000 
5185    0.000     0.000 
5186    0.000     0.000 
5187    0.000     0.000 
5188    0.000     0.000 
5189    0.000     0.000 
5190    0.000     0.000 
5191    0.000     0.000 
5192    0.000     0.000 
5193    0.000     0.000 
5194    0.000     0.000 
5195    0.000     0.000 
5196    0.000     0.000 
5197    0.000     0.000 
5198    0.000     0.000 
5199    0.000     0.000 
5200    0.000     0.000 
5201    0.000     0.000 
5202    0.000     0.000 
5203    0.000     0.000 
5204    0.000     0.000 
5205    0.000     0.000 
5206    0.000     0.000 
5207    0.000     0.000 
5208    0.000     0.000 
5209    0.000     0.000 
5210    0.000     0.000 
5211    0.000     0.000 
5212    0.000     0.000 
5213    0.000     0.000 
5214    0.000     0.000 
5215    0.000     0.000 
5216    0.000     0.000 
5217    0.000     0.000 
5218    0.000     0.000 
5219    0.000     0.000 
5220    0.000     0.000 
5221    0.000     0.000 
5222    0.000     0.000 
5223    0.000     0.000 
5224    0.000     0.000 
5225    0.000     0.000 
5226    0.000     0.000 
5227    0.000     0.000 
5228    0.000     0.000 
5229    0.000     0.000 
5230    0.000     0.000 
5231    0.000     0.000 
5232    0.000     0.000 
5233    0.000     0.000 
5234    0.000     0.000 
5235    0.000     0.000 
5236    0.000     0.000 
5237    0.000     0.000 
5238    0.000     0.000 
5239    0.000     0.000 
5240    0.000     0.000 
5241    0.000     0.000 
5242    0.000     0.000 
5243    0.000     0.000 
5244    0.000     0.000 
5245    0.000     0.000 
5246    0.000     0.000 
5247    0.000     0.000 
5248    0.000     0.000 
5249    0.000     0.000 
5250    0.000     0.000 
5251    0.000     0.000 
5252    0.000     0.000 
5253    0.000     0.000 
5254    0.000     0.000 
5255    0.000     0.000 
5256    0.000     0.000 
5257    0.000     0.000 
5258    0.000     0.000 
5259    0.000     0.000 
5260    0.000     0.000 
5261    0.000     0.000 
5262    0.000     0.000 
5263    0.000     0.000 
5264    0.000     0.000 
5265    0.000     0.000 
5266    0.000     0.000 
5267    0.000     0.000 
5268    0.000     0.000 
5269    0.000     0.000 
5270    0.000     0.000 
5271    0.000     0.000 
5272    0.000     0.000 
5273    0.000     0.000 
5274    0.000     0.000 
5275    0.000     0.000 
5276    0.000     0.000 
5277    0.000     0.000 
5278    0.000     0.000 
5279    0.000     0.000 
5280    0.000     0.000 
5281    0.000     0.000 
5282    0.000     0.000 
5283    0.000     0.000 
5284    0.000     0.000 
5285    0.000     0.000 
5286    0.000     0.000 
5287    0.000     0.000 
5288    0.000     0.000 
5289    0.000     0.000 
5290    0.000     0.000 
5291    0.000     0.000 
5292    0.000     0.000 
5293    0.000     0.000 
5294    0.000     0.000 
5295    0.000     0.000 
5296    0.000     0.000 
5297    0.000     0.000 
5298    0.000     0.000 
5299    0.000     0.000 
5300    0.000     0.000 
5301    0.000     0.000 
5302    0.000     0.000 
5303    0.000     0.000 
5304    0.000     0.000 
5305    0.000     0.000 
5306    0.000     0.000 
5307    0.000     0.000 
5308    0.000     0.000 
5309    0.000     0.000 
5310    0.000     0.000 
5311    0.000     0.000 
5312    0.000     0.000 
5313    0.000     0.000 
5314    0.000     0.000 
5315    0.000     0.000 
5316    0.001     0.000 
5317    0.001     0.000 
5318    0.001     0.001 
5319    0.001     0.001 
5320    0.001     0.001 
5321    0.001     0.001 
5322    0.001     0.001 
5323    0.001     0.001 
5324    0.001     0.001 
5325    0.001     0.001 
5326    0.001     0.001 
5327    0.001     0.001 
5328    0.002     0.001 
5329    0.002     0.001 
5330    0.002     0.001 
5331    0.002     0.002 
5332    0.002     0.002 
5333    0.002     0.002 
5334    0.003     0.002 
5335    0.003     0.002 
5336    0.003     0.002 
5337    0.003     0.003 
5338    0.003     0.003 
5339    0.004     0.003 
5340    0.004     0.003 
5341    0.004     0.003 
5342    0.004     0.004 
5343    0.005     0.004 
5344    0.005     0.004 
5345    0.005     0.005 
5346    0.006     0.005 
5347    0.006     0.005 
5348    0.007     0.005 
5349    0.007     0.006 
5350    0.007     0.006 
5351    0.008     0.006 
5352    0.008     0.007 
5353    0.009     0.007 
5354    0.009     0.008 
5355    0.010     0.008 
5356    0.010     0.009 
5357    0.011     0.009 
5358    0.011     0.009 
5359    0.012     0.010 
5360    0.012     0.010 
5361    0.013     0.011 
5362    0.014     0.011 
5363    0.014     0.012 
5364    0.015     0.012 
5365    0.015     0.013 
5366    0.016     0.013 
5367    0.017     0.014 
5368    0.017     0.014 
5369    0.018     0.015 
5370    0.019     0.016 
5371    0.020     0.016 
5372    0.020     0.017 
5373    0.021     0.017 
5374    0.021     0.018 
5375    0.022     0.018 
5376    0.023     0.019 
5377    0.023     0.020 
5378    0.024     0.020 
5379    0.025     0.021 
5380    0.026     0.021 
5381    0.027     0.022 
5382    0.027     0.023 
5383    0.028     0.023 
5384    0.029     0.024 
5385    0.030     0.025 
5386    0.031     0.026 
5387    0.032     0.026 
5388    0.032     0.027 
5389    0.033     0.028 
5390    0.034     0.028 
5391    0.035     0.029 
5392    0.036     0.030 
5393    0.037     0.031 
5394    0.039     0.032 
5395    0.040     0.033 
5396    0.040     0.034 
5397    0.042     0.035 
5398    0.043     0.035 
5399    0.044     0.036 
5400    0.045     0.037 
5401    0.046     0.039 
5402    0.048     0.040 
5403    0.049     0.041 
5404    0.050     0.041 
5405    0.051     0.042 
5406    0.052     0.044 
5407    0.054     0.045 
5408    0.055     0.046 
5409    0.057     0.047 
5410    0.058     0.049 
5411    0.060     0.050 
5412    0.061     0.051 
5413    0.063     0.052 
5414    0.064     0.054 
5415    0.067     0.055 
5416    0.069     0.057 
5417    0.070     0.059 
5418    0.072     0.060 
5419    0.075     0.062 
5420    0.077     0.064 
5421    0.079     0.066 
5422    0.082     0.068 
5423    0.084     0.070 
5424    0.087     0.072 
5425    0.090     0.075 
5426    0.093     0.077 
5427    0.095     0.079 
5428    0.097     0.081 
5429    0.101     0.084 
5430    0.104     0.086 
5431    0.107     0.089 
5432    0.110     0.092 
5433    0.114     0.095 
5434    0.117     0.098 
5435    0.121     0.100 
5436    0.124     0.103 
5437    0.128     0.107 
5438    0.132     0.110 
5439    0.136     0.113 
5440    0.140     0.117 
5441    0.144     0.120 
5442    0.147     0.122 
5443    0.152     0.127 
5444    0.157     0.131 
5445    0.161     0.134 
5446    0.166     0.138 
5447    0.171     0.143 
5448    0.177     0.147 
5449    0.182     0.152 
5450    0.188     0.157 
5451    0.193     0.161 
5452    0.198     0.165 
5453    0.205     0.171 
5454    0.211     0.176 
5455    0.217     0.181 
5456    0.222     0.185 
5457    0.229     0.191 
5458    0.235     0.196 
5459    0.241     0.201 
5460    0.247     0.206 
5461    0.252     0.210 
5462    0.257     0.214 
5463    0.264     0.220 
5464    0.271     0.226 
5465    0.277     0.231 
5466    0.282     0.235 
5467    0.289     0.241 
5468    0.296     0.247 
5469    0.301     0.251 
5470    0.307     0.256 
5471    0.313     0.261 
5472    0.320     0.267 
5473    0.326     0.272 
5474    0.332     0.277 
5475    0.337     0.281 
5476    0.342     0.286 
5477    0.347     0.290 
5478    0.352     0.294 
5479    0.357     0.298 
5480    0.361     0.302 
5481    0.366     0.305 
5482    0.370     0.309 
5483    0.374     0.312 
5484    0.377     0.315 
5485    0.380     0.318 
5486    0.383     0.320 
5487    0.387     0.323 
5488    0.390     0.326 
5489    0.395     0.330 
5490    0.399     0.333 
5491    0.401     0.335 
5492    0.404     0.337 
5493    0.407     0.339 
5494    0.409     0.342 
5495    0.412     0.344 
5496    0.415     0.346 
5497    0.418     0.349 
5498    0.421     0.351 
5499    0.423     0.353 
5500    0.425     0.355 
5501    0.428     0.358 
5502    0.431     0.360 
5503    0.433     0.362 
5504    0.435     0.363 
5505    0.437     0.365 
5506    0.439     0.367 
5507    0.443     0.370 
5508    0.447     0.373 
5509    0.449     0.375 
5510    0.452     0.377 
5511    0.454     0.380 
5512    0.457     0.382 
5513    0.461     0.385 
5514    0.464     0.388 
5515    0.467     0.390 
5516    0.469     0.392 
5517    0.473     0.395 
5518    0.477     0.399 
5519    0.479     0.400 
5520    0.481     0.402 
5521    0.484     0.404 
5522    0.486     0.407 
5523    0.491     0.410 
5524    0.495     0.414 
5525    0.499     0.417 
5526    0.504     0.421 
5527    0.507     0.424 
5528    0.511     0.428 
5529    0.515     0.431 
5530    0.519     0.434 
5531    0.524     0.438 
5532    0.528     0.442 
5533    0.533     0.445 
5534    0.537     0.449 
5535    0.542     0.453 
5536    0.547     0.458 
5537    0.551     0.461 
5538    0.555     0.464 
5539    0.560     0.468 
5540    0.564     0.472 
5541    0.569     0.476 
5542    0.573     0.479 
5543    0.577     0.483 
5544    0.581     0.486 
5545    0.586     0.490 
5546    0.591     0.495 
5547    0.597     0.500 
5548    0.603     0.504 
5549    0.607     0.508 
5550    0.611     0.511 
5551    0.615     0.515 
5552    0.619     0.518 
5553    0.622     0.521 
5554    0.626     0.524 
5555    0.631     0.528 
5556    0.636     0.532 
5557    0.638     0.534 
5558    0.640     0.536 
5559    0.644     0.539 
5560    0.647     0.542 
5561    0.649     0.544 
5562    0.652     0.546 
5563    0.657     0.550 
5564    0.661     0.554 
5565    0.663     0.556 
5566    0.666     0.557 
5567    0.668     0.559 
5568    0.670     0.561 
5569    0.672     0.563 
5570    0.675     0.565 
5571    0.676     0.566 
5572    0.677     0.567 
5573    0.679     0.569 
5574    0.682     0.571 
5575    0.682     0.571 
5576    0.683     0.572 
5577    0.684     0.573 
5578    0.685     0.574 
5579    0.687     0.576 
5580    0.689     0.577 
5581    0.687     0.576 
5582    0.686     0.575 
5583    0.687     0.576 
5584    0.689     0.577 
5585    0.688     0.577 
5586    0.688     0.577 
5587    0.688     0.576 
5588    0.687     0.576 
5589    0.688     0.577 
5590    0.689     0.577 
5591    0.690     0.578 
5592    0.691     0.579 
5593    0.693     0.580 
5594    0.694     0.582 
5595    0.694     0.582 
5596    0.694     0.581 
5597    0.694     0.582 
5598    0.694     0.582 
5599    0.695     0.583 
5600    0.696     0.583 
5601    0.696     0.584 
5602    0.697     0.584 
5603    0.697     0.584 
5604    0.697     0.584 
5605    0.699     0.586 
5606    0.701     0.588 
5607    0.703     0.590 
5608    0.705     0.592 
5609    0.706     0.592 
5610    0.707     0.593 
5611    0.710     0.596 
5612    0.713     0.598 
5613    0.714     0.599 
5614    0.714     0.599 
5615    0.716     0.601 
5616    0.718     0.602 
5617    0.721     0.605 
5618    0.724     0.607 
5619    0.724     0.607 
5620    0.724     0.607 
5621    0.727     0.610 
5622    0.731     0.614 
5623    0.733     0.615 
5624    0.735     0.617 
5625    0.738     0.619 
5626    0.740     0.621 
5627    0.743     0.624 
5628    0.746     0.626 
5629    0.749     0.628 
5630    0.752     0.631 
5631    0.755     0.634 
5632    0.759     0.637 
5633    0.759     0.637 
5634    0.759     0.638 
5635    0.763     0.641 
5636    0.767     0.644 
5637    0.769     0.646 
5638    0.771     0.647 
5639    0.773     0.649 
5640    0.775     0.651 
5641    0.779     0.654 
5642    0.783     0.658 
5643    0.786     0.660 
5644    0.789     0.663 
5645    0.791     0.665 
5646    0.793     0.666 
5647    0.796     0.668 
5648    0.798     0.670 
5649    0.801     0.673 
5650    0.804     0.675 
5651    0.803     0.675 
5652    0.803     0.675 
5653    0.806     0.677 
5654    0.809     0.680 
5655    0.810     0.680 
5656    0.810     0.680 
5657    0.812     0.682 
5658    0.814     0.684 
5659    0.815     0.685 
5660    0.816     0.686 
5661    0.818     0.687 
5662    0.819     0.688 
5663    0.821     0.690 
5664    0.824     0.692 
5665    0.823     0.691 
5666    0.822     0.691 
5667    0.825     0.693 
5668    0.828     0.696 
5669    0.826     0.695 
5670    0.825     0.693 
5671    0.827     0.695 
5672    0.829     0.697 
5673    0.829     0.697 
5674    0.829     0.697 
5675    0.830     0.698 
5676    0.830     0.698 
5677    0.831     0.699 
5678    0.832     0.700 
5679    0.834     0.701 
5680    0.835     0.702 
5681    0.837     0.704 
5682    0.839     0.705 
5683    0.839     0.705 
5684    0.839     0.706 
5685    0.841     0.707 
5686    0.842     0.708 
5687    0.840     0.706 
5688    0.838     0.704 
5689    0.840     0.706 
5690    0.842     0.708 
5691    0.843     0.709 
5692    0.843     0.709 
5693    0.845     0.710 
5694    0.846     0.711 
5695    0.846     0.712 
5696    0.847     0.712 
5697    0.847     0.712 
5698    0.847     0.713 
5699    0.850     0.715 
5700    0.852     0.717 
5701    0.853     0.717 
5702    0.853     0.718 
5703    0.852     0.717 
5704    0.851     0.716 
5705    0.854     0.719 
5706    0.857     0.721 
5707    0.857     0.721 
5708    0.857     0.721 
5709    0.858     0.722 
5710    0.859     0.723 
5711    0.859     0.723 
5712    0.860     0.724 
5713    0.859     0.724 
5714    0.859     0.723 
5715    0.861     0.725 
5716    0.862     0.726 
5717    0.863     0.727 
5718    0.863     0.727 
5719    0.863     0.727 
5720    0.862     0.726 
5721    0.864     0.727 
5722    0.865     0.728 
5723    0.864     0.728 
5724    0.863     0.727 
5725    0.863     0.727 
5726    0.863     0.727 
5727    0.864     0.728 
5728    0.864     0.728 
5729    0.865     0.729 
5730    0.867     0.730 
5731    0.865     0.729 
5732    0.862     0.727 
5733    0.863     0.727 
5734    0.863     0.728 
5735    0.862     0.727 
5736    0.861     0.726 
5737    0.862     0.726 
5738    0.863     0.727 
5739    0.862     0.727 
5740    0.862     0.727 
5741    0.862     0.727 
5742    0.863     0.727 
5743    0.862     0.727 
5744    0.861     0.726 
5745    0.862     0.727 
5746    0.863     0.728 
5747    0.863     0.728 
5748    0.863     0.728 
5749    0.863     0.728 
5750    0.862     0.727 
5751    0.861     0.727 
5752    0.861     0.726 
5753    0.860     0.726 
5754    0.860     0.725 
5755    0.858     0.724 
5756    0.857     0.723 
5757    0.860     0.725 
5758    0.862     0.728 
5759    0.863     0.728 
5760    0.863     0.729 
5761    0.863     0.728 
5762    0.862     0.728 
5763    0.863     0.728 
5764    0.863     0.729 
5765    0.864     0.729 
5766    0.864     0.730 
5767    0.865     0.731 
5768    0.866     0.732 
5769    0.868     0.733 
5770    0.869     0.734 
5771    0.868     0.734 
5772    0.868     0.733 
5773    0.870     0.735 
5774    0.871     0.736 
5775    0.872     0.737 
5776    0.873     0.738 
5777    0.875     0.739 
5778    0.876     0.741 
5779    0.875     0.740 
5780    0.874     0.739 
5781    0.876     0.740 
5782    0.878     0.742 
5783    0.879     0.743 
5784    0.880     0.744 
5785    0.881     0.745 
5786    0.882     0.746 
5787    0.884     0.747 
5788    0.885     0.748 
5789    0.886     0.749 
5790    0.887     0.750 
5791    0.888     0.751 
5792    0.890     0.752 
5793    0.890     0.753 
5794    0.890     0.753 
5795    0.892     0.754 
5796    0.893     0.755 
5797    0.892     0.755 
5798    0.891     0.754 
5799    0.893     0.755 
5800    0.894     0.756 
5801    0.896     0.758 
5802    0.897     0.760 
5803    0.896     0.759 
5804    0.895     0.758 
5805    0.896     0.759 
5806    0.897     0.759 
5807    0.897     0.760 
5808    0.897     0.760 
5809    0.898     0.761 
5810    0.899     0.762 
5811    0.900     0.762 
5812    0.901     0.763 
5813    0.900     0.762 
5814    0.899     0.762 
5815    0.901     0.763 
5816    0.902     0.764 
5817    0.903     0.765 
5818    0.904     0.766 
5819    0.902     0.764 
5820    0.900     0.762 
5821    0.900     0.763 
5822    0.900     0.763 
5823    0.901     0.764 
5824    0.902     0.764 
5825    0.902     0.765 
5826    0.902     0.765 
5827    0.901     0.764 
5828    0.901     0.764 
5829    0.900     0.763 
5830    0.899     0.762 
5831    0.902     0.765 
5832    0.904     0.767 
5833    0.904     0.766 
5834    0.903     0.766 
5835    0.903     0.766 
5836    0.904     0.767 
5837    0.905     0.767 
5838    0.905     0.768 
5839    0.905     0.768 
5840    0.905     0.768 
5841    0.905     0.768 
5842    0.905     0.768 
5843    0.906     0.769 
5844    0.907     0.770 
5845    0.906     0.769 
5846    0.906     0.769 
5847    0.905     0.768 
5848    0.903     0.767 
5849    0.908     0.771 
5850    0.912     0.774 
5851    0.911     0.773 
5852    0.910     0.773 
5853    0.911     0.774 
5854    0.913     0.776 
5855    0.912     0.774 
5856    0.910     0.773 
5857    0.911     0.774 
5858    0.911     0.774 
5859    0.913     0.775 
5860    0.914     0.777 
5861    0.915     0.778 
5862    0.916     0.779 
5863    0.915     0.778 
5864    0.914     0.777 
5865    0.917     0.779 
5866    0.919     0.781 
5867    0.917     0.779 
5868    0.915     0.778 
5869    0.917     0.780 
5870    0.919     0.782 
5871    0.919     0.782 
5872    0.919     0.782 
5873    0.920     0.782 
5874    0.920     0.783 
5875    0.919     0.782 
5876    0.919     0.782 
5877    0.919     0.782 
5878    0.920     0.782 
5879    0.920     0.783 
5880    0.920     0.783 
5881    0.922     0.785 
5882    0.925     0.787 
5883    0.924     0.787 
5884    0.924     0.787 
5885    0.923     0.786 
5886    0.922     0.785 
5887    0.919     0.783 
5888    0.916     0.780 
5889    0.921     0.785 
5890    0.926     0.789 
5891    0.923     0.786 
5892    0.919     0.783 
5893    0.921     0.784 
5894    0.922     0.786 
5895    0.923     0.786 
5896    0.923     0.787 
5897    0.922     0.786 
5898    0.921     0.785 
5899    0.921     0.785 
5900    0.921     0.785 
5901    0.922     0.786 
5902    0.923     0.787 
5903    0.924     0.788 
5904    0.924     0.788 
5905    0.923     0.787 
5906    0.922     0.786 
5907    0.921     0.785 
5908    0.919     0.784 
5909    0.921     0.786 
5910    0.923     0.788 
5911    0.923     0.788 
5912    0.923     0.788 
5913    0.925     0.790 
5914    0.927     0.791 
5915    0.926     0.791 
5916    0.926     0.791 
5917    0.925     0.790 
5918    0.925     0.790 
5919    0.924     0.790 
5920    0.923     0.789 
5921    0.925     0.791 
5922    0.927     0.792 
5923    0.928     0.793 
5924    0.928     0.794 
5925    0.927     0.792 
5926    0.926     0.791 
5927    0.927     0.793 
5928    0.928     0.794 
5929    0.928     0.794 
5930    0.928     0.794 
5931    0.930     0.795 
5932    0.931     0.796 
5933    0.932     0.797 
5934    0.933     0.798 
5935    0.932     0.798 
5936    0.932     0.797 
5937    0.932     0.798 
5938    0.932     0.798 
5939    0.931     0.797 
5940    0.929     0.796 
5941    0.933     0.799 
5942    0.937     0.802 
5943    0.936     0.802 
5944    0.936     0.802 
5945    0.937     0.803 
5946    0.938     0.804 
5947    0.935     0.802 
5948    0.933     0.800 
5949    0.936     0.803 
5950    0.940     0.806 
5951    0.938     0.804 
5952    0.937     0.803 
5953    0.940     0.806 
5954    0.943     0.809 
5955    0.941     0.807 
5956    0.939     0.806 
5957    0.939     0.806 
5958    0.939     0.806 
5959    0.937     0.804 
5960    0.936     0.803 
5961    0.937     0.805 
5962    0.939     0.806 
5963    0.938     0.805 
5964    0.937     0.805 
5965    0.937     0.805 
5966    0.937     0.805 
5967    0.937     0.805 
5968    0.937     0.805 
5969    0.935     0.803 
5970    0.933     0.801 
5971    0.933     0.802 
5972    0.934     0.803 
5973    0.934     0.803 
5974    0.935     0.804 
5975    0.933     0.802 
5976    0.932     0.801 
5977    0.933     0.803 
5978    0.935     0.804 
5979    0.934     0.804 
5980    0.934     0.804 
5981    0.933     0.803 
5982    0.933     0.803 
5983    0.933     0.803 
5984    0.933     0.803 
5985    0.933     0.803 
5986    0.933     0.804 
5987    0.929     0.800 
5988    0.926     0.797 
5989    0.927     0.799 
5990    0.929     0.800 
5991    0.929     0.801 
5992    0.930     0.802 
5993    0.929     0.801 
5994    0.928     0.800 
5995    0.929     0.801 
5996    0.930     0.802 
5997    0.929     0.801 
5998    0.929     0.801 
5999    0.930     0.802 
6000    0.931     0.803 
6001    0.928     0.801 
6002    0.925     0.798 
6003    0.925     0.799 
6004    0.925     0.799 
6005    0.927     0.800 
6006    0.928     0.801 
6007    0.928     0.802 
6008    0.928     0.802 
6009    0.929     0.802 
6010    0.930     0.803 
6011    0.932     0.805 
6012    0.933     0.806 
6013    0.932     0.805 
6014    0.931     0.805 
6015    0.931     0.805 
6016    0.931     0.805 
6017    0.932     0.806 
6018    0.932     0.806 
6019    0.932     0.806 
6020    0.933     0.807 
6021    0.935     0.809 
6022    0.936     0.810 
6023    0.935     0.809 
6024    0.934     0.808 
6025    0.933     0.808 
6026    0.933     0.808 
6027    0.935     0.809 
6028    0.936     0.811 
6029    0.936     0.810 
6030    0.935     0.810 
6031    0.934     0.809 
6032    0.934     0.809 
6033    0.936     0.811 
6034    0.939     0.814 
6035    0.936     0.811 
6036    0.932     0.808 
6037    0.934     0.810 
6038    0.935     0.811 
6039    0.936     0.812 
6040    0.938     0.813 
6041    0.936     0.812 
6042    0.935     0.811 
6043    0.937     0.813 
6044    0.939     0.815 
6045    0.936     0.813 
6046    0.934     0.811 
6047    0.935     0.812 
6048    0.937     0.813 
6049    0.935     0.812 
6050    0.934     0.811 
6051    0.934     0.812 
6052    0.934     0.812 
6053    0.937     0.814 
6054    0.940     0.817 
6055    0.938     0.816 
6056    0.937     0.815 
6057    0.938     0.815 
6058    0.938     0.816 
6059    0.938     0.816 
6060    0.939     0.817 
6061    0.936     0.815 
6062    0.934     0.812 
6063    0.933     0.812 
6064    0.933     0.812 
6065    0.934     0.813 
6066    0.935     0.814 
6067    0.935     0.814 
6068    0.935     0.815 
6069    0.937     0.816 
6070    0.938     0.817 
6071    0.934     0.814 
6072    0.931     0.811 
6073    0.933     0.813 
6074    0.936     0.816 
6075    0.937     0.817 
6076    0.939     0.819 
6077    0.940     0.819 
6078    0.940     0.820 
6079    0.937     0.817 
6080    0.934     0.815 
6081    0.937     0.817 
6082    0.940     0.820 
6083    0.939     0.819 
6084    0.938     0.819 
6085    0.937     0.818 
6086    0.936     0.818 
6087    0.937     0.818 
6088    0.937     0.818 
6089    0.938     0.819 
6090    0.939     0.820 
6091    0.939     0.820 
6092    0.939     0.820 
6093    0.940     0.821 
6094    0.941     0.822 
6095    0.940     0.822 
6096    0.940     0.822 
6097    0.939     0.821 
6098    0.938     0.821 
6099    0.938     0.820 
6100    0.938     0.820 
6101    0.939     0.822 
6102    0.941     0.823 
6103    0.941     0.824 
6104    0.942     0.824 
6105    0.941     0.823 
6106    0.939     0.822 
6107    0.942     0.824 
6108    0.944     0.826 
6109    0.941     0.824 
6110    0.939     0.822 
6111    0.940     0.823 
6112    0.941     0.824 
6113    0.941     0.824 
6114    0.940     0.824 
6115    0.941     0.825 
6116    0.942     0.826 
6117    0.942     0.826 
6118    0.941     0.825 
6119    0.942     0.826 
6120    0.942     0.827 
6121    0.943     0.827 
6122    0.943     0.827 
6123    0.942     0.826 
6124    0.940     0.825 
6125    0.942     0.826 
6126    0.943     0.828 
6127    0.940     0.826 
6128    0.938     0.824 
6129    0.936     0.822 
6130    0.934     0.821 
6131    0.935     0.821 
6132    0.935     0.822 
6133    0.935     0.822 
6134    0.934     0.821 
6135    0.937     0.824 
6136    0.940     0.826 
6137    0.939     0.826 
6138    0.938     0.825 
6139    0.938     0.825 
6140    0.938     0.825 
6141    0.936     0.824 
6142    0.935     0.823 
6143    0.937     0.824 
6144    0.938     0.826 
6145    0.936     0.824 
6146    0.934     0.822 
6147    0.936     0.824 
6148    0.938     0.826 
6149    0.939     0.827 
6150    0.939     0.827 
6151    0.938     0.826 
6152    0.936     0.825 
6153    0.935     0.824 
6154    0.934     0.823 
6155    0.936     0.825 
6156    0.939     0.828 
6157    0.937     0.826 
6158    0.935     0.825 
6159    0.934     0.824 
6160    0.933     0.823 
6161    0.936     0.825 
6162    0.939     0.828 
6163    0.938     0.828 
6164    0.937     0.827 
6165    0.938     0.827 
6166    0.938     0.828 
6167    0.937     0.827 
6168    0.936     0.826 
6169    0.938     0.828 
6170    0.940     0.830 
6171    0.938     0.829 
6172    0.937     0.827 
6173    0.938     0.829 
6174    0.940     0.830 
6175    0.940     0.830 
6176    0.940     0.830 
6177    0.938     0.829 
6178    0.937     0.828 
6179    0.939     0.830 
6180    0.941     0.832 
6181    0.939     0.830 
6182    0.937     0.828 
6183    0.937     0.829 
6184    0.938     0.830 
6185    0.938     0.830 
6186    0.938     0.830 
6187    0.939     0.831 
6188    0.940     0.831 
6189    0.941     0.833 
6190    0.942     0.834 
6191    0.941     0.833 
6192    0.939     0.831 
6193    0.940     0.832 
6194    0.941     0.833 
6195    0.939     0.832 
6196    0.938     0.831 
6197    0.936     0.829 
6198    0.934     0.828 
6199    0.937     0.830 
6200    0.939     0.832 
6201    0.941     0.834 
6202    0.943     0.836 
6203    0.941     0.834 
6204    0.938     0.832 
6205    0.939     0.832 
6206    0.940     0.833 
6207    0.938     0.832 
6208    0.936     0.830 
6209    0.934     0.829 
6210    0.933     0.827 
6211    0.933     0.827 
6212    0.933     0.828 
6213    0.933     0.827 
6214    0.932     0.827 
6215    0.933     0.827 
6216    0.933     0.828 
6217    0.931     0.826 
6218    0.929     0.824 
6219    0.930     0.826 
6220    0.931     0.827 
6221    0.931     0.827 
6222    0.931     0.826 
6223    0.930     0.826 
6224    0.929     0.825 
6225    0.929     0.825 
6226    0.929     0.825 
6227    0.930     0.826 
6228    0.931     0.827 
6229    0.931     0.827 
6230    0.931     0.827 
6231    0.931     0.827 
6232    0.930     0.826 
6233    0.930     0.826 
6234    0.930     0.826 
6235    0.930     0.826 
6236    0.930     0.827 
6237    0.930     0.826 
6238    0.929     0.826 
6239    0.929     0.826 
6240    0.929     0.826 
6241    0.929     0.826 
6242    0.929     0.826 
6243    0.931     0.828 
6244    0.933     0.830 
6245    0.934     0.830 
6246    0.935     0.831 
6247    0.933     0.830 
6248    0.931     0.828 
6249    0.935     0.832 
6250    0.940     0.836 
6251    0.939     0.836 
6252    0.939     0.836 
6253    0.937     0.834 
6254    0.934     0.832 
6255    0.937     0.834 
6256    0.940     0.836 
6257    0.939     0.835 
6258    0.937     0.834 
6259    0.940     0.837 
6260    0.943     0.840 
6261    0.942     0.838 
6262    0.940     0.837 
6263    0.940     0.837 
6264    0.939     0.836 
6265    0.939     0.836 
6266    0.939     0.836 
6267    0.941     0.838 
6268    0.944     0.841 
6269    0.945     0.842 
6270    0.946     0.843 
6271    0.943     0.840 
6272    0.941     0.838 
6273    0.944     0.841 
6274    0.948     0.845 
6275    0.945     0.842 
6276    0.941     0.839 
6277    0.942     0.840 
6278    0.944     0.841 
6279    0.944     0.842 
6280    0.944     0.842 
6281    0.942     0.840 
6282    0.941     0.839 
6283    0.944     0.842 
6284    0.948     0.846 
6285    0.945     0.843 
6286    0.943     0.841 
6287    0.942     0.840 
6288    0.942     0.840 
6289    0.944     0.842 
6290    0.946     0.844 
6291    0.942     0.841 
6292    0.938     0.837 
6293    0.938     0.837 
6294    0.938     0.837 
6295    0.941     0.840 
6296    0.944     0.843 
6297    0.942     0.841 
6298    0.941     0.840 
6299    0.941     0.840 
6300    0.941     0.841 
6301    0.940     0.839 
6302    0.939     0.838 
6303    0.936     0.836 
6304    0.933     0.833 
6305    0.934     0.834 
6306    0.935     0.835 
6307    0.934     0.835 
6308    0.934     0.835 
6309    0.935     0.835 
6310    0.935     0.835 
6311    0.934     0.834 
6312    0.932     0.833 
6313    0.932     0.833 
6314    0.931     0.833 
6315    0.932     0.833 
6316    0.933     0.834 
6317    0.933     0.834 
6318    0.932     0.833 
6319    0.933     0.834 
6320    0.934     0.835 
6321    0.930     0.831 
6322    0.926     0.828 
6323    0.926     0.829 
6324    0.927     0.830 
6325    0.928     0.831 
6326    0.929     0.832 
6327    0.928     0.831 
6328    0.927     0.830 
6329    0.928     0.830 
6330    0.929     0.831 
6331    0.930     0.833 
6332    0.931     0.834 
6333    0.929     0.832 
6334    0.927     0.830 
6335    0.928     0.831 
6336    0.929     0.832 
6337    0.929     0.832 
6338    0.929     0.832 
6339    0.928     0.831 
6340    0.927     0.830 
6341    0.928     0.831 
6342    0.930     0.833 
6343    0.930     0.834 
6344    0.931     0.834 
6345    0.932     0.835 
6346    0.933     0.836 
6347    0.932     0.835 
6348    0.932     0.835 
6349    0.932     0.835 
6350    0.931     0.835 
6351    0.932     0.835 
6352    0.932     0.836 
6353    0.932     0.835 
6354    0.931     0.835 
6355    0.930     0.834 
6356    0.929     0.833 
6357    0.931     0.835 
6358    0.932     0.836 
6359    0.933     0.837 
6360    0.934     0.838 
6361    0.932     0.836 
6362    0.929     0.834 
6363    0.930     0.834 
6364    0.930     0.835 
6365    0.931     0.835 
6366    0.931     0.836 
6367    0.929     0.834 
6368    0.927     0.832 
6369    0.924     0.830 
6370    0.921     0.827 
6371    0.922     0.828 
6372    0.922     0.828 
6373    0.922     0.828 
6374    0.921     0.827 
6375    0.921     0.827 
6376    0.921     0.828 
6377    0.920     0.826 
6378    0.918     0.824 
6379    0.917     0.824 
6380    0.916     0.823 
6381    0.917     0.824 
6382    0.918     0.825 
6383    0.917     0.825 
6384    0.917     0.824 
6385    0.912     0.820 
6386    0.908     0.816 
6387    0.909     0.817 
6388    0.909     0.817 
6389    0.910     0.818 
6390    0.910     0.818 
6391    0.905     0.814 
6392    0.901     0.810 
6393    0.902     0.811 
6394    0.903     0.812 
6395    0.901     0.810 
6396    0.899     0.808 
6397    0.900     0.809 
6398    0.901     0.810 
6399    0.899     0.809 
6400    0.897     0.807 
6401    0.896     0.807 
6402    0.896     0.807 
6403    0.895     0.805 
6404    0.893     0.804 
6405    0.892     0.803 
6406    0.891     0.802 
6407    0.890     0.801 
6408    0.889     0.800 
6409    0.886     0.798 
6410    0.884     0.796 
6411    0.885     0.797 
6412    0.885     0.797 
6413    0.885     0.797 
6414    0.886     0.798 
6415    0.885     0.797 
6416    0.885     0.797 
6417    0.885     0.797 
6418    0.886     0.798 
6419    0.887     0.799 
6420    0.888     0.800 
6421    0.886     0.798 
6422    0.884     0.796 
6423    0.887     0.799 
6424    0.890     0.802 
6425    0.888     0.801 
6426    0.886     0.799 
6427    0.887     0.800 
6428    0.888     0.801 
6429    0.892     0.804 
6430    0.895     0.807 
6431    0.894     0.806 
6432    0.893     0.805 
6433    0.892     0.805 
6434    0.892     0.804 
6435    0.895     0.807 
6436    0.898     0.810 
6437    0.901     0.813 
6438    0.904     0.815 
6439    0.903     0.814 
6440    0.902     0.814 
6441    0.905     0.816 
6442    0.908     0.819 
6443    0.907     0.819 
6444    0.907     0.818 
6445    0.909     0.820 
6446    0.912     0.823 
6447    0.912     0.823 
6448    0.912     0.823 
6449    0.915     0.826 
6450    0.918     0.829 
6451    0.922     0.832 
6452    0.925     0.835 
6453    0.926     0.836 
6454    0.927     0.836 
6455    0.927     0.837 
6456    0.927     0.837 
6457    0.928     0.838 
6458    0.930     0.839 
6459    0.932     0.842 
6460    0.934     0.844 
6461    0.937     0.846 
6462    0.939     0.848 
6463    0.939     0.849 
6464    0.940     0.849 
6465    0.942     0.851 
6466    0.943     0.852 
6467    0.941     0.850 
6468    0.938     0.848 
6469    0.944     0.853 
6470    0.950     0.859 
6471    0.946     0.855 
6472    0.942     0.851 
6473    0.946     0.855 
6474    0.951     0.859 
6475    0.948     0.857 
6476    0.946     0.855 
6477    0.946     0.855 
6478    0.946     0.855 
6479    0.947     0.856 
6480    0.948     0.857 
6481    0.947     0.856 
6482    0.946     0.855 
6483    0.945     0.855 
6484    0.945     0.854 
6485    0.946     0.856 
6486    0.948     0.857 
6487    0.947     0.857 
6488    0.947     0.856 
6489    0.943     0.853 
6490    0.939     0.849 
6491    0.940     0.850 
6492    0.941     0.852 
6493    0.939     0.850 
6494    0.937     0.848 
6495    0.936     0.847 
6496    0.934     0.846 
6497    0.934     0.845 
6498    0.933     0.845 
6499    0.931     0.843 
6500    0.930     0.842 
6501    0.929     0.841 
6502    0.929     0.841 
6503    0.927     0.840 
6504    0.926     0.838 
6505    0.925     0.838 
6506    0.924     0.837 
6507    0.921     0.834 
6508    0.918     0.831 
6509    0.921     0.834 
6510    0.923     0.837 
6511    0.918     0.832 
6512    0.913     0.828 
6513    0.913     0.828 
6514    0.913     0.828 
6515    0.913     0.828 
6516    0.913     0.828 
6517    0.911     0.826 
6518    0.909     0.825 
6519    0.908     0.823 
6520    0.906     0.822 
6521    0.907     0.822 
6522    0.907     0.823 
6523    0.908     0.824 
6524    0.909     0.824 
6525    0.907     0.823 
6526    0.905     0.821 
6527    0.905     0.821 
6528    0.905     0.821 
6529    0.905     0.822 
6530    0.906     0.823 
6531    0.905     0.822 
6532    0.904     0.820 
6533    0.904     0.821 
6534    0.904     0.821 
6535    0.905     0.822 
6536    0.906     0.823 
6537    0.905     0.822 
6538    0.905     0.822 
6539    0.907     0.824 
6540    0.909     0.826 
6541    0.910     0.827 
6542    0.910     0.827 
6543    0.913     0.830 
6544    0.915     0.832 
6545    0.913     0.830 
6546    0.910     0.827 
6547    0.912     0.829 
6548    0.915     0.832 
6549    0.914     0.831 
6550    0.913     0.831 
6551    0.913     0.831 
6552    0.913     0.831 
6553    0.915     0.832 
6554    0.916     0.834 
6555    0.919     0.836 
6556    0.922     0.838 
6557    0.922     0.839 
6558    0.923     0.840 
6559    0.926     0.842 
6560    0.928     0.844 
6561    0.928     0.845 
6562    0.928     0.845 
6563    0.928     0.845 
6564    0.928     0.845 
6565    0.930     0.847 
6566    0.932     0.848 
6567    0.932     0.849 
6568    0.933     0.849 
6569    0.935     0.851 
6570    0.936     0.853 
6571    0.938     0.855 
6572    0.940     0.856 
6573    0.940     0.857 
6574    0.940     0.857 
6575    0.940     0.856 
6576    0.940     0.856 
6577    0.940     0.856 
6578    0.940     0.856 
6579    0.939     0.855 
6580    0.938     0.854 
6581    0.941     0.857 
6582    0.944     0.860 
6583    0.945     0.861 
6584    0.946     0.862 
6585    0.943     0.860 
6586    0.940     0.857 
6587    0.943     0.859 
6588    0.945     0.862 
6589    0.945     0.861 
6590    0.945     0.861 
6591    0.945     0.861 
6592    0.945     0.861 
6593    0.945     0.862 
6594    0.945     0.862 
6595    0.945     0.862 
6596    0.945     0.862 
6597    0.944     0.860 
6598    0.942     0.859 
6599    0.943     0.860 
6600    0.944     0.860 
6601    0.942     0.859 
6602    0.941     0.858 
6603    0.942     0.859 
6604    0.943     0.860 
6605    0.942     0.859 
6606    0.941     0.859 
6607    0.940     0.857 
6608    0.938     0.856 
6609    0.941     0.858 
6610    0.943     0.859 
6611    0.942     0.859 
6612    0.942     0.859 
6613    0.941     0.858 
6614    0.940     0.857 
6615    0.939     0.856 
6616    0.938     0.855 
6617    0.938     0.855 
6618    0.938     0.855 
6619    0.939     0.856 
6620    0.940     0.857 
6621    0.939     0.856 
6622    0.938     0.855 
6623    0.939     0.856 
6624    0.941     0.857 
6625    0.940     0.857 
6626    0.939     0.856 
6627    0.938     0.855 
6628    0.938     0.855 
6629    0.937     0.854 
6630    0.936     0.853 
6631    0.936     0.853 
6632    0.936     0.853 
6633    0.936     0.853 
6634    0.936     0.853 
6635    0.938     0.855 
6636    0.940     0.857 
6637    0.938     0.855 
6638    0.936     0.853 
6639    0.937     0.853 
6640    0.937     0.854 
6641    0.938     0.855 
6642    0.940     0.856 
6643    0.939     0.855 
6644    0.938     0.854 
6645    0.939     0.855 
6646    0.940     0.856 
6647    0.940     0.856 
6648    0.940     0.856 
6649    0.939     0.855 
6650    0.938     0.854 
6651    0.939     0.855 
6652    0.939     0.855 
6653    0.940     0.855 
6654    0.940     0.856 
6655    0.941     0.857 
6656    0.943     0.858 
6657    0.945     0.860 
6658    0.946     0.861 
6659    0.943     0.858 
6660    0.940     0.855 
6661    0.943     0.858 
6662    0.946     0.861 
6663    0.946     0.861 
6664    0.947     0.862 
6665    0.946     0.861 
6666    0.946     0.860 
6667    0.943     0.858 
6668    0.941     0.856 
6669    0.942     0.857 
6670    0.944     0.858 
6671    0.944     0.859 
6672    0.945     0.860 
6673    0.944     0.859 
6674    0.942     0.857 
6675    0.943     0.858 
6676    0.944     0.859 
6677    0.944     0.859 
6678    0.944     0.858 
6679    0.943     0.857 
6680    0.942     0.857 
6681    0.943     0.858 
6682    0.944     0.859 
6683    0.945     0.859 
6684    0.945     0.859 
6685    0.945     0.859 
6686    0.944     0.859 
6687    0.943     0.858 
6688    0.942     0.857 
6689    0.944     0.859 
6690    0.946     0.860 
6691    0.945     0.859 
6692    0.944     0.858 
6693    0.941     0.856 
6694    0.939     0.854 
6695    0.941     0.856 
6696    0.944     0.858 
6697    0.941     0.856 
6698    0.938     0.853 
6699    0.940     0.855 
6700    0.942     0.856 
6701    0.941     0.856 
6702    0.941     0.856 
6703    0.940     0.855 
6704    0.940     0.855 
6705    0.938     0.853 
6706    0.935     0.851 
6707    0.933     0.849 
6708    0.932     0.848 
6709    0.932     0.849 
6710    0.933     0.850 
6711    0.935     0.851 
6712    0.936     0.852 
6713    0.937     0.853 
6714    0.937     0.854 
6715    0.935     0.851 
6716    0.932     0.849 
6717    0.934     0.851 
6718    0.935     0.852 
6719    0.937     0.853 
6720    0.938     0.855 
6721    0.932     0.850 
6722    0.927     0.845 
6723    0.928     0.846 
6724    0.930     0.848 
6725    0.930     0.848 
6726    0.930     0.848 
6727    0.929     0.847 
6728    0.929     0.847 
6729    0.929     0.848 
6730    0.930     0.849 
6731    0.928     0.847 
6732    0.925     0.845 
6733    0.928     0.847 
6734    0.930     0.849 
6735    0.933     0.853 
6736    0.937     0.856 
6737    0.933     0.853 
6738    0.930     0.851 
6739    0.933     0.853 
6740    0.935     0.856 
6741    0.933     0.854 
6742    0.930     0.851 
6743    0.929     0.850 
6744    0.927     0.849 
6745    0.928     0.850 
6746    0.928     0.850 
6747    0.928     0.851 
6748    0.928     0.851 
6749    0.926     0.850 
6750    0.925     0.848 
6751    0.925     0.849 
6752    0.926     0.850 
6753    0.929     0.853 
6754    0.932     0.855 
6755    0.928     0.852 
6756    0.924     0.849 
6757    0.926     0.851 
6758    0.928     0.854 
6759    0.930     0.855 
6760    0.931     0.857 
6761    0.931     0.857 
6762    0.931     0.857 
6763    0.929     0.856 
6764    0.928     0.855 
6765    0.926     0.853 
6766    0.924     0.851 
6767    0.924     0.852 
6768    0.924     0.853 
6769    0.926     0.855 
6770    0.929     0.857 
6771    0.927     0.856 
6772    0.925     0.854 
6773    0.929     0.858 
6774    0.933     0.862 
6775    0.931     0.861 
6776    0.930     0.860 
6777    0.931     0.861 
6778    0.931     0.862 
6779    0.931     0.862 
6780    0.930     0.862 
6781    0.931     0.863 
6782    0.933     0.864 
6783    0.930     0.862 
6784    0.928     0.860 
6785    0.931     0.862 
6786    0.934     0.865 
6787    0.932     0.864 
6788    0.931     0.863 
6789    0.930     0.862 
6790    0.929     0.861 
6791    0.928     0.860 
6792    0.927     0.859 
6793    0.928     0.860 
6794    0.928     0.860 
6795    0.932     0.864 
6796    0.936     0.868 
6797    0.934     0.866 
6798    0.932     0.864 
6799    0.933     0.865 
6800    0.933     0.865 
6801    0.932     0.864 
6802    0.931     0.863 
6803    0.934     0.866 
6804    0.937     0.869 
6805    0.935     0.867 
6806    0.934     0.865 
6807    0.936     0.867 
6808    0.939     0.869 
6809    0.938     0.868 
6810    0.938     0.867 
6811    0.935     0.864 
6812    0.932     0.861 
6813    0.934     0.861 
6814    0.935     0.862 
6815    0.938     0.864 
6816    0.941     0.866 
6817    0.942     0.866 
6818    0.943     0.867 
6819    0.940     0.864 
6820    0.937     0.860 
6821    0.939     0.862 
6822    0.941     0.863 
6823    0.941     0.862 
6824    0.940     0.861 
6825    0.944     0.864 
6826    0.948     0.867 
6827    0.948     0.866 
6828    0.948     0.866 
6829    0.947     0.865 
6830    0.947     0.864 
6831    0.947     0.863 
6832    0.948     0.863 
6833    0.949     0.863 
6834    0.950     0.863 
6835    0.950     0.861 
6836    0.949     0.860 
6837    0.949     0.859 
6838    0.949     0.857 
6839    0.949     0.857 
6840    0.949     0.856 
6841    0.949     0.855 
6842    0.949     0.853 
6843    0.948     0.851 
6844    0.947     0.849 
6845    0.950     0.851 
6846    0.953     0.853 
6847    0.949     0.849 
6848    0.945     0.844 
6849    0.946     0.844 
6850    0.946     0.843 
6851    0.945     0.841 
6852    0.944     0.840 
6853    0.942     0.837 
6854    0.940     0.834 
6855    0.941     0.833 
6856    0.942     0.834 
6857    0.940     0.831 
6858    0.938     0.829 
6859    0.935     0.826 
6860    0.932     0.822 
6861    0.932     0.822 
6862    0.932     0.821 
6863    0.934     0.822 
6864    0.936     0.823 
6865    0.932     0.819 
6866    0.927     0.814 
6867    0.926     0.812 
6868    0.925     0.811 
6869    0.922     0.807 
6870    0.918     0.803 
6871    0.917     0.802 
6872    0.916     0.800 
6873    0.913     0.797 
6874    0.910     0.793 
6875    0.909     0.791 
6876    0.908     0.790 
6877    0.910     0.791 
6878    0.912     0.792 
6879    0.908     0.788 
6880    0.904     0.784 
6881    0.900     0.781 
6882    0.897     0.778 
6883    0.892     0.774 
6884    0.886     0.769 
6885    0.887     0.770 
6886    0.887     0.770 
6887    0.886     0.769 
6888    0.884     0.768 
6889    0.882     0.766 
6890    0.880     0.765 
6891    0.878     0.763 
6892    0.876     0.761 
6893    0.872     0.758 
6894    0.867     0.754 
6895    0.867     0.754 
6896    0.866     0.753 
6897    0.863     0.750 
6898    0.859     0.748 
6899    0.858     0.746 
6900    0.856     0.745 
6901    0.858     0.747 
6902    0.860     0.749 
6903    0.857     0.746 
6904    0.854     0.743 
6905    0.852     0.742 
6906    0.850     0.741 
6907    0.847     0.739 
6908    0.845     0.738 
6909    0.843     0.737 
6910    0.841     0.736 
6911    0.839     0.735 
6912    0.837     0.733 
6913    0.836     0.734 
6914    0.836     0.734 
6915    0.836     0.734 
6916    0.836     0.735 
6917    0.835     0.735 
6918    0.835     0.735 
6919    0.836     0.737 
6920    0.837     0.739 
6921    0.833     0.736 
6922    0.829     0.733 
6923    0.831     0.736 
6924    0.834     0.739 
6925    0.835     0.740 
6926    0.836     0.742 
6927    0.834     0.741 
6928    0.833     0.740 
6929    0.834     0.742 
6930    0.835     0.744 
6931    0.837     0.746 
6932    0.839     0.748 
6933    0.839     0.749 
6934    0.839     0.750 
6935    0.837     0.749 
6936    0.836     0.748 
6937    0.836     0.750 
6938    0.837     0.751 
6939    0.842     0.756 
6940    0.847     0.762 
6941    0.846     0.762 
6942    0.846     0.762 
6943    0.849     0.766 
6944    0.852     0.769 
6945    0.853     0.771 
6946    0.854     0.773 
6947    0.855     0.775 
6948    0.856     0.776 
6949    0.859     0.779 
6950    0.861     0.782 
6951    0.862     0.784 
6952    0.862     0.785 
6953    0.867     0.790 
6954    0.871     0.795 
6955    0.875     0.799 
6956    0.878     0.802 
6957    0.880     0.804 
6958    0.881     0.806 
6959    0.885     0.810 
6960    0.889     0.814 
6961    0.889     0.814 
6962    0.888     0.814 
6963    0.891     0.818 
6964    0.895     0.822 
6965    0.895     0.822 
6966    0.895     0.823 
6967    0.895     0.823 
6968    0.894     0.823 
6969    0.897     0.826 
6970    0.899     0.829 
6971    0.899     0.829 
6972    0.898     0.829 
6973    0.895     0.826 
6974    0.891     0.823 
6975    0.890     0.822 
6976    0.889     0.822 
6977    0.887     0.821 
6978    0.885     0.820 
6979    0.883     0.819 
6980    0.882     0.818 
6981    0.874     0.810 
6982    0.866     0.803 
6983    0.863     0.801 
6984    0.861     0.798 
6985    0.856     0.794 
6986    0.851     0.790 
6987    0.844     0.783 
6988    0.836     0.776 
6989    0.832     0.771 
6990    0.827     0.767 
6991    0.818     0.759 
6992    0.808     0.750 
6993    0.795     0.738 
6994    0.783     0.726 
6995    0.777     0.721 
6996    0.772     0.716 
6997    0.759     0.704 
6998    0.746     0.693 
6999    0.735     0.683 
7000    0.725     0.673 
7001    0.711     0.660 
7002    0.698     0.648 
7003    0.684     0.635 
7004    0.670     0.622 
7005    0.662     0.615 
7006    0.654     0.608 
7007    0.642     0.597 
7008    0.629     0.585 
7009    0.616     0.574 
7010    0.604     0.562 
7011    0.593     0.552 
7012    0.582     0.543 
7013    0.571     0.532 
7014    0.559     0.521 
7015    0.548     0.511 
7016    0.536     0.501 
7017    0.527     0.492 
7018    0.517     0.483 
7019    0.507     0.474 
7020    0.497     0.465 
7021    0.487     0.455 
7022    0.476     0.446 
7023    0.465     0.435 
7024    0.454     0.425 
7025    0.443     0.415 
7026    0.432     0.405 
7027    0.424     0.398 
7028    0.416     0.390 
7029    0.406     0.381 
7030    0.395     0.371 
7031    0.389     0.365 
7032    0.382     0.359 
7033    0.374     0.352 
7034    0.366     0.345 
7035    0.359     0.338 
7036    0.351     0.331 
7037    0.344     0.325 
7038    0.338     0.319 
7039    0.331     0.313 
7040    0.325     0.307 
7041    0.320     0.302 
7042    0.314     0.297 
7043    0.308     0.291 
7044    0.301     0.285 
7045    0.294     0.278 
7046    0.286     0.272 
7047    0.282     0.267 
7048    0.277     0.263 
7049    0.272     0.259 
7050    0.267     0.254 
7051    0.262     0.249 
7052    0.257     0.244 
7053    0.252     0.240 
7054    0.248     0.237 
7055    0.243     0.232 
7056    0.239     0.228 
7057    0.233     0.223 
7058    0.228     0.218 
7059    0.226     0.215 
7060    0.223     0.213 
7061    0.218     0.208 
7062    0.213     0.204 
7063    0.209     0.200 
7064    0.205     0.196 
7065    0.201     0.192 
7066    0.197     0.188 
7067    0.193     0.184 
7068    0.189     0.180 
7069    0.185     0.176 
7070    0.181     0.172 
7071    0.177     0.169 
7072    0.173     0.165 
7073    0.168     0.160 
7074    0.163     0.156 
7075    0.159     0.152 
7076    0.155     0.148 
7077    0.150     0.144 
7078    0.146     0.140 
7079    0.142     0.136 
7080    0.138     0.132 
7081    0.134     0.128 
7082    0.129     0.124 
7083    0.125     0.120 
7084    0.122     0.116 
7085    0.116     0.111 
7086    0.111     0.106 
7087    0.107     0.102 
7088    0.103     0.099 
7089    0.099     0.094 
7090    0.094     0.090 
7091    0.090     0.086 
7092    0.085     0.081 
7093    0.082     0.078 
7094    0.078     0.075 
7095    0.074     0.071 
7096    0.070     0.067 
7097    0.066     0.063 
7098    0.063     0.060 
7099    0.061     0.058 
7100    0.058     0.056 
7101    0.055     0.052 
7102    0.051     0.049 
7103    0.049     0.046 
7104    0.046     0.044 
7105    0.044     0.042 
7106    0.041     0.040 
7107    0.039     0.037 
7108    0.036     0.035 
7109    0.034     0.033 
7110    0.032     0.030 
7111    0.030     0.029 
7112    0.029     0.027 
7113    0.027     0.026 
7114    0.025     0.024 
7115    0.024     0.023 
7116    0.022     0.021 
7117    0.021     0.020 
7118    0.020     0.019 
7119    0.019     0.018 
7120    0.018     0.017 
7121    0.017     0.016 
7122    0.016     0.015 
7123    0.015     0.014 
7124    0.014     0.013 
7125    0.013     0.012 
7126    0.012     0.012 
7127    0.012     0.011 
7128    0.011     0.010 
7129    0.010     0.010 
7130    0.010     0.009 
7131    0.009     0.009 
7132    0.009     0.008 
7133    0.008     0.008 
7134    0.007     0.007 
7135    0.007     0.007 
7136    0.007     0.007 
7137    0.006     0.006 
7138    0.006     0.005 
7139    0.005     0.005 
7140    0.005     0.005 
7141    0.005     0.005 
7142    0.005     0.005 
7143    0.005     0.004 
7144    0.004     0.004 
7145    0.004     0.004 
7146    0.004     0.004 
7147    0.004     0.003 
7148    0.003     0.003 
7149    0.003     0.003 
7150    0.003     0.003 
7151    0.003     0.003 
7152    0.003     0.002 
7153    0.003     0.002 
7154    0.003     0.002 
7155    0.002     0.002 
7156    0.002     0.002 
7157    0.002     0.002 
7158    0.002     0.002 
7159    0.002     0.002 
7160    0.002     0.002 
7161    0.002     0.002 
7162    0.002     0.001 
7163    0.002     0.001 
7164    0.001     0.001 
7165    0.001     0.001 
7166    0.001     0.001 
7167    0.001     0.001 
7168    0.001     0.001 
7169    0.001     0.001 
7170    0.001     0.001 
7171    0.001     0.001 
7172    0.001     0.001 
7173    0.001     0.001 
7174    0.001     0.001 
7175    0.001     0.001 
7176    0.001     0.001 
7177    0.001     0.001 
7178    0.001     0.001 
7179    0.001     0.001 
7180    0.001     0.001 
7181    0.001     0.001 
7182    0.000     0.000 
7183    0.000     0.000 
7184    0.001     0.000 
7185    0.001     0.000 
7186    0.001     0.001 
7187    0.000     0.000 
7188    0.000     0.000 
7189    0.000     0.000 
7190    0.000     0.000 
7191    0.000     0.000 
7192    0.000     0.000 
7193    0.000     0.000 
7194    0.000     0.000 
7195    0.000     0.000 
7196    0.000     0.000 
7197    0.000     0.000 
7198    0.000     0.000 
7199    0.000     0.000 
7200    0.000     0.000 
7201    0.000     0.000 
7202    0.000     0.000 
7203    0.000     0.000 
7204    0.000     0.000 
7205    0.000     0.000 
7206    0.000     0.000 
7207    0.000     0.000 
7208    0.000     0.000 
7209    0.000     0.000 
7210    0.000     0.000 
7211    0.000     0.000 
7212    0.000     0.000 
7213    0.000     0.000 
7214    0.000     0.000 
7215    0.000     0.000 
7216    0.000     0.000 
7217    0.000     0.000 
7218    0.000     0.000 
7219    0.000     0.000 
7220    0.000     0.000 
7221    0.000     0.000 
7222    0.000     0.000 
7223    0.000     0.000 
7224    0.000     0.000 
7225    0.000     0.000 
7226    0.000     0.000 
7227    0.000     0.000 
7228    0.000     0.000 
7229    0.000     0.000 
7230    0.000     0.000 
7231    0.000     0.000 
7232    0.000     0.000 
7233    0.000     0.000 
7234    0.000     0.000 
7235    0.000     0.000 
7236    0.000     0.000 
7237    0.000     0.000 
7238    0.000     0.000 
7239    0.000     0.000 
7240    0.000     0.000 
7241    0.000     0.000 
7242    0.000     0.000 
7243    0.000     0.000 
7244    0.000     0.000 
7245    0.000     0.000 
7246    0.000     0.000 
7247    0.000     0.000 
7248    0.000     0.000 
7249    0.000     0.000 
7250    0.000     0.000 
7251    0.000     0.000 
7252    0.000     0.000 
7253    0.000     0.000 
7254    0.000     0.000 
7255    0.000     0.000 
7256    0.000     0.000 
7257    0.000     0.000 
7258    0.000     0.000 
7259    0.000     0.000 
7260    0.000     0.000 
7261    0.000     0.000 
7262    0.000     0.000 
7263    0.000     0.000 
7264    0.000     0.000 
7265    0.000     0.000 
7266    0.000     0.000 
7267    0.000     0.000 
7268    0.000     0.000 
7269    0.000     0.000 
7270    0.000     0.000 
7271    0.000     0.000 
7272    0.000     0.000 
7273    0.000     0.000 
7274    0.000     0.000 
7275    0.000     0.000 
7276    0.000     0.000 
7277    0.000     0.000 
7278    0.000     0.000 
7279    0.000     0.000 
7280    0.000     0.000 
7281    0.000     0.000 
7282    0.000     0.000 
7283    0.000     0.000 
7284    0.000     0.000 
7285    0.000     0.000 
7286    0.000     0.000 
7287    0.000     0.000 
7288    0.000     0.000 
7289    0.000     0.000 
7290    0.000     0.000 
7291    0.000     0.000 
7292    0.000     0.000 
7293    0.000     0.000 
7294    0.000     0.000 
7295    0.000     0.000 
7296    0.000     0.000 
7297    0.000     0.000 
7298    0.000     0.000 
7299    0.000     0.000 
7300    0.000     0.000 
7301    0.000     0.000 
7302    0.000     0.000 
7303    0.000     0.000 
7304    0.000     0.000 
7305    0.000     0.000 
7306    0.000     0.000 
7307    0.000     0.000 
7308    0.000     0.000 
7309    0.000     0.000 
7310    0.000     0.000 
7311    0.000     0.000 
7312    0.000     0.000 
7313    0.000     0.000 
7314    0.000     0.000 
7315    0.000     0.000 
7316    0.000     0.000 
7317    0.000     0.000 
7318    0.000     0.000 
7319    0.000     0.000 
7320    0.000     0.000 
7321    0.000     0.000 
7322    0.000     0.000 
7323    0.000     0.000 
7324    0.000     0.000 
7325    0.000     0.000 
7326    0.000     0.000 
7327    0.000     0.000 
7328    0.000     0.000 
7329    0.000     0.000 
7330    0.000     0.000 
7331    0.000     0.000 
7332    0.000     0.000 
7333    0.000     0.000 
7334    0.000     0.000 
7335    0.000     0.000 
7336    0.000     0.000 
7337    0.000     0.000 
7338    0.000     0.000 
7339    0.000     0.000 
7340    0.000     0.000 
7341    0.000     0.000 
7342    0.000     0.000 
7343    0.000     0.000 
7344    0.000     0.000 
7345    0.000     0.000 
7346    0.000     0.000 
7347    0.000     0.000 
7348    0.000     0.000 
7349    0.000     0.000 
7350    0.000     0.000 
7351    0.000     0.000 
7352    0.000     0.000 
7353    0.000     0.000 
7354    0.000     0.000 
7355    0.000     0.000 
7356    0.000     0.000 
7357    0.000     0.000 
7358    0.000     0.000 
7359    0.000     0.000 
7360    0.000     0.000 
7361    0.000     0.000 
7362    0.000     0.000 
7363    0.000     0.000 
7364    0.000     0.000 
7365    0.000     0.000 
7366    0.000     0.000 
7367    0.000     0.000 
7368    0.000     0.000 
7369    0.000     0.000 
7370    0.000     0.000 
7371    0.000     0.000 
7372    0.000     0.000 
7373    0.000     0.000 
7374    0.000     0.000 
7375    0.000     0.000 
7376    0.000     0.000 
7377    0.000     0.000 
7378    0.000     0.000 
7379    0.000     0.000 
7380    0.000     0.000 
7381    0.000     0.000 
7382    0.000     0.000 
7383    0.000     0.000 
7384    0.000     0.000 
7385    0.000     0.000 
7386    0.000     0.000 
7387    0.000     0.000 
7388    0.000     0.000 
7389    0.000     0.000 
7390    0.000     0.000 
7391    0.000     0.000 
7392    0.000     0.000 
7393    0.000     0.000 
7394    0.000     0.000 
7395    0.000     0.000 
7396    0.000     0.000 
7397    0.000     0.000 
7398    0.000     0.000 
7399    0.000     0.000 
7400    0.000     0.000 
7401    0.000     0.000 
7402    0.000     0.000 
7403    0.000     0.000 
7404    0.000     0.000 
7405    0.000     0.000 
7406    0.000     0.000 
7407    0.000     0.000 
7408    0.000     0.000 
7409    0.000     0.000 
7410    0.000     0.000 
7411    0.000     0.000 
7412    0.000     0.000 
7413    0.000     0.000 
7414    0.000     0.000 
7415    0.000     0.000 
7416    0.000     0.000 
7417    0.000     0.000 
7418    0.000     0.000 
7419    0.000     0.000 
7420    0.000     0.000 
7421    0.000     0.000 
7422    0.000     0.000 
7423    0.000     0.000 
7424    0.000     0.000 
7425    0.000     0.000 
7426    0.000     0.000 
7427    0.000     0.000 
7428    0.000     0.000 
7429    0.000     0.000 
7430    0.000     0.000 
7431    0.000     0.000 
7432    0.000     0.000 
7433    0.000     0.000 
7434    0.000     0.000 
7435    0.000     0.000 
7436    0.000     0.000 
7437    0.000     0.000 
7438    0.000     0.000 
7439    0.000     0.000 
7440    0.000     0.000 
7441    0.000     0.000 
7442    0.000     0.000 
7443    0.000     0.000 
7444    0.000     0.000 
7445    0.000     0.000 
7446    0.000     0.000 
7447    0.000     0.000 
7448    0.000     0.000 
7449    0.000     0.000 
7450    0.000     0.000 
7451    0.000     0.000 
7452    0.000     0.000 
7453    0.000     0.000 
7454    0.000     0.000 
7455    0.000     0.000 
7456    0.000     0.000 
7457    0.000     0.000 
7458    0.000     0.000 
7459    0.000     0.000 
7460    0.000     0.000 
7461    0.000     0.000 
7462    0.000     0.000 
7463    0.000     0.000 
7464    0.000     0.000 
7465    0.000     0.000 
7466    0.000     0.000 
7467    0.000     0.000 
7468    0.000     0.000 
7469    0.000     0.000 
7470    0.000     0.000 
7471    0.000     0.000 
7472    0.000     0.000 
7473    0.000     0.000 
7474    0.000     0.000 
7475    0.000     0.000 
7476    0.000     0.000 
7477    0.000     0.000 
7478    0.000     0.000 
7479    0.000     0.000 
7480    0.000     0.000 
7481    0.000     0.000 
7482    0.000     0.000 
7483    0.000     0.000 
7484    0.000     0.000 
7485    0.000     0.000 
7486    0.000     0.000 
7487    0.000     0.000 
7488    0.000     0.000 
7489    0.000     0.000 
7490    0.000     0.000 
7491    0.000     0.000 
7492    0.000     0.000 
7493    0.000     0.000 
7494    0.000     0.000 
7495    0.000     0.000 
7496    0.000     0.000 
7497    0.000     0.000 
7498    0.000     0.000 
7499    0.000     0.000 
7500    0.000     0.000 
