3200.0 3.84526863e-16
3201.0 3.06207333e-16
3202.0 2.82770557e-16
3203.0 3.60279503e-16
3204.0 3.03311501e-16
3205.0 3.78682251e-16
3206.0 3.38236656e-16
3207.0 3.4925724e-16
3208.0 3.31240616e-16
3209.0 3.51025047e-16
3210.0 3.16583214e-16
3211.0 3.33419266e-16
3212.0 3.40029945e-16
3213.0 3.454076e-16
3214.0 3.22782059e-16
3215.0 4.50187263e-16
3216.0 3.68943787e-16
3217.0 3.19724731e-16
3218.0 5.36507416e-16
3219.0 3.81018105e-16
3220.0 3.4389019e-16
3221.0 4.02874222e-16
3222.0 2.83694401e-16
3223.0 2.09306335e-16
3224.0 3.91049194e-16
3225.0 3.29981842e-16
3226.0 3.21775742e-16
3227.0 4.2085537e-16
3228.0 2.89172287e-16
3229.0 3.20377197e-16
3230.0 3.6874485e-16
3231.0 4.40462227e-16
3232.0 3.89661713e-16
3233.0 2.65332375e-16
3234.0 4.5866909e-16
3235.0 3.73005295e-16
3236.0 4.5423645e-16
3237.0 2.9468832e-16
3238.0 2.11028461e-16
3239.0 2.65087032e-16
3240.0 3.12156315e-16
3241.0 1.9616354e-16
3242.0 3.16573563e-16
3243.0 3.07913036e-16
3244.0 4.21220551e-16
3245.0 2.97349205e-16
3246.0 3.77231445e-16
3247.0 4.37639351e-16
3248.0 3.70955963e-16
3249.0 4.89908562e-16
3250.0 4.17746201e-16
3251.0 3.57926865e-16
3252.0 2.70637665e-16
3253.0 2.26408176e-16
3254.0 2.75245152e-16
3255.0 3.31102867e-16
3256.0 3.38783722e-16
3257.0 4.20697098e-16
3258.0 4.16689568e-16
3259.0 2.87021732e-16
3260.0 3.73849335e-16
3261.0 3.42255821e-16
3262.0 3.64169006e-16
3263.0 4.07158699e-16
3264.0 3.68224106e-16
3265.0 3.2354023e-16
3266.0 3.32938347e-16
3267.0 3.60959206e-16
3268.0 4.18119354e-16
3269.0 3.97363434e-16
3270.0 3.02009315e-16
3271.0 3.84280014e-16
3272.0 3.28317261e-16
3273.0 3.32389221e-16
3274.0 3.55534515e-16
3275.0 3.6831646e-16
3276.0 3.45344696e-16
3277.0 2.23423977e-16
3278.0 4.38657074e-16
3279.0 3.27378502e-16
3280.0 2.99874897e-16
3281.0 3.56338806e-16
3282.0 3.10717888e-16
3283.0 2.3952076e-16
3284.0 3.91845093e-16
3285.0 3.34074783e-16
3286.0 2.84492245e-16
3287.0 3.38199234e-16
3288.0 3.30964317e-16
3289.0 3.62003937e-16
3290.0 3.34935112e-16
3291.0 3.51959877e-16
3292.0 3.80708694e-16
3293.0 2.75483894e-16
3294.0 3.21061325e-16
3295.0 2.71134968e-16
3296.0 3.85083847e-16
3297.0 3.76109161e-16
3298.0 3.26002235e-16
3299.0 2.34316711e-16
3300.0 4.03035011e-16
3301.0 3.87518845e-16
3302.0 3.6776329e-16
3303.0 3.05258312e-16
3304.0 3.0708765e-16
3305.0 2.50490456e-16
3306.0 3.5547142e-16
3307.0 3.91148376e-16
3308.0 3.69409103e-16
3309.0 3.19910488e-16
3310.0 4.02708244e-16
3311.0 3.46930351e-16
3312.0 2.98319187e-16
3313.0 4.65534821e-16
3314.0 3.52854996e-16
3315.0 3.3365078e-16
3316.0 3.35392647e-16
3317.0 4.43278084e-16
3318.0 5.9961544e-16
3319.0 3.06308508e-17
3320.0 2.44866619e-16
3321.0 2.80225143e-16
3322.0 2.71635189e-16
3323.0 3.18993359e-16
3324.0 2.24119434e-16
3325.0 3.64036751e-16
3326.0 2.95257072e-16
3327.0 2.73941288e-16
3328.0 3.12751751e-16
3329.0 1.82352791e-16
3330.0 2.9588932e-16
3331.0 3.22026787e-16
3332.0 3.37595177e-16
3333.0 2.36919231e-16
3334.0 2.23496819e-16
3335.0 3.43500175e-16
3336.0 2.60722809e-16
3337.0 3.4219429e-16
3338.0 4.49506149e-16
3339.0 2.97989521e-16
3340.0 3.69605751e-16
3341.0 4.20781288e-16
3342.0 3.35124741e-16
3343.0 3.42988853e-16
3344.0 4.06077003e-16
3345.0 3.07729282e-16
3346.0 4.00078354e-16
3347.0 2.84744606e-16
3348.0 2.5538559e-16
3349.0 2.96283989e-16
3350.0 2.88623581e-16
3351.0 4.09729919e-16
3352.0 2.8640316e-16
3353.0 2.96857853e-16
3354.0 2.42917557e-16
3355.0 3.8401577e-16
3356.0 4.43171844e-16
3357.0 3.42047768e-16
3358.0 2.95032654e-16
3359.0 3.39059601e-16
3360.0 2.82385979e-16
3361.0 2.79392109e-16
3362.0 2.67529888e-16
3363.0 2.82051296e-16
3364.0 2.63261585e-16
3365.0 3.45539131e-16
3366.0 3.73491135e-16
3367.0 3.71393852e-16
3368.0 2.8334753e-16
3369.0 3.93372536e-16
3370.0 3.57671051e-16
3371.0 2.70580368e-16
3372.0 2.76593399e-16
3373.0 3.68898239e-16
3374.0 3.24557686e-16
3375.0 3.12788448e-16
3376.0 3.61618652e-16
3377.0 3.15001221e-16
3378.0 3.72218742e-16
3379.0 2.1920969e-16
3380.0 2.65754776e-16
3381.0 3.24302635e-16
3382.0 1.45497303e-16
3383.0 3.2006958e-16
3384.0 3.95500221e-16
3385.0 2.52684669e-16
3386.0 3.92994003e-16
3387.0 2.50314445e-16
3388.0 3.39928169e-16
3389.0 3.69130821e-16
3390.0 3.69892502e-16
3391.0 3.54593773e-16
3392.0 3.40924988e-16
3393.0 3.56806145e-16
3394.0 3.60509377e-16
3395.0 2.96530304e-16
3396.0 2.05183372e-16
3397.0 3.70972672e-16
3398.0 2.74534836e-16
3399.0 2.52945518e-16
3400.0 3.85033493e-16
3401.0 3.22916679e-16
3402.0 3.44391747e-16
3403.0 2.97315941e-16
3404.0 3.44323502e-16
3405.0 3.10577984e-16
3406.0 3.56076469e-16
3407.0 3.249897e-16
3408.0 3.8156601e-16
3409.0 3.42479515e-16
3410.0 3.99382401e-16
3411.0 3.95003586e-16
3412.0 2.8202179e-16
3413.0 3.74096031e-16
3414.0 2.15340862e-16
3415.0 3.23566208e-16
3416.0 2.99508553e-16
3417.0 2.69989777e-16
3418.0 2.93208332e-16
3419.0 4.13267288e-16
3420.0 3.15183773e-16
3421.0 3.27247429e-16
3422.0 4.17653732e-16
3423.0 2.41161747e-16
3424.0 2.46445713e-16
3425.0 2.15300446e-16
3426.0 2.79081402e-16
3427.0 2.6001461e-16
3428.0 3.73559036e-16
3429.0 2.97810249e-16
3430.0 3.36819305e-16
3431.0 4.0801815e-16
3432.0 3.39438667e-16
3433.0 2.68164368e-16
3434.0 3.03805828e-16
3435.0 3.16156139e-16
3436.0 3.70494499e-16
3437.0 3.5919651e-16
3438.0 4.30897102e-16
3439.0 3.27572479e-16
3440.0 2.1559782e-16
3441.0 2.37506676e-16
3442.0 1.85434475e-16
3443.0 2.7918272e-16
3444.0 3.37509422e-16
3445.0 2.20108528e-16
3446.0 2.22342434e-16
3447.0 2.49965401e-16
3448.0 3.61136742e-16
3449.0 3.34177856e-16
3450.0 3.50875549e-16
3451.0 4.24007568e-16
3452.0 3.06038074e-16
3453.0 3.24789619e-16
3454.0 3.1311348e-16
3455.0 1.90595169e-16
3456.0 3.44590111e-16
3457.0 2.59213009e-16
3458.0 2.86122913e-16
3459.0 2.82254105e-16
3460.0 2.95873508e-16
3461.0 3.56471329e-16
3462.0 2.64595737e-16
3463.0 2.71921234e-16
3464.0 3.67686577e-16
3465.0 3.40333061e-16
3466.0 3.780159e-16
3467.0 3.60165901e-16
3468.0 2.09267864e-16
3469.0 3.63736801e-16
3470.0 2.56503181e-16
3471.0 1.97795467e-16
3472.0 2.18569984e-16
3473.0 3.00365467e-16
3474.0 3.29572639e-16
3475.0 2.89545307e-16
3476.0 3.41207657e-16
3477.0 3.38479156e-16
3478.0 2.932794e-16
3479.0 1.66372242e-16
3480.0 3.34075012e-16
3481.0 7.54274702e-17
3482.0 3.21000137e-16
3483.0 2.48026028e-16
3484.0 2.15190392e-16
3485.0 3.35292931e-16
3486.0 3.12901878e-16
3487.0 2.79339466e-16
3488.0 4.45766296e-16
3489.0 1.23151417e-16
3490.0 2.62320766e-16
3491.0 3.65416374e-16
3492.0 3.55474205e-16
3493.0 1.86080341e-16
3494.0 3.09950581e-16
3495.0 3.08364601e-16
3496.0 3.4737709e-16
3497.0 3.96415291e-16
3498.0 2.47647247e-16
3499.0 2.41095257e-16
3500.0 4.4067791e-16
3501.0 3.71040916e-16
3502.0 3.05366936e-16
3503.0 1.25676088e-16
3504.0 1.34839153e-16
3505.0 7.38720627e-16
3506.0 3.27929649e-16
3507.0 3.77040062e-16
3508.0 5.10929031e-16
3509.0 3.04328899e-16
3510.0 3.24813843e-16
3511.0 1.92614441e-16
3512.0 1.94791317e-16
3513.0 3.55012093e-16
3514.0 4.12109566e-16
3515.0 3.42547989e-16
3516.0 3.46934547e-16
3517.0 3.37249489e-16
3518.0 2.94269028e-16
3519.0 2.53692036e-16
3520.0 2.82865448e-16
3521.0 2.26158543e-16
3522.0 1.17875223e-16
3523.0 3.29736786e-16
3524.0 2.37110958e-16
3525.0 2.68497028e-16
3526.0 3.60366592e-16
3527.0 1.46995249e-16
3528.0 3.20401154e-16
3529.0 2.20539131e-16
3530.0 2.45453568e-16
3531.0 2.14527493e-16
3532.0 3.61191483e-16
3533.0 4.62551537e-16
3534.0 2.45467739e-16
3535.0 2.02926388e-16
3536.0 3.81759529e-16
3537.0 3.35195427e-16
3538.0 4.34440002e-16
3539.0 4.50128708e-16
3540.0 3.75212059e-16
3541.0 4.09480324e-16
3542.0 4.08791809e-16
3543.0 5.20481377e-16
3544.0 2.82448235e-16
3545.0 4.0801548e-16
3546.0 3.56716652e-16
3547.0 4.00780754e-16
3548.0 4.27128105e-16
3549.0 3.57043724e-16
3550.0 3.67018852e-16
3551.0 2.7386795e-16
3552.0 2.07641106e-16
3553.0 1.9282711e-16
3554.0 7.42436457e-17
3555.0 2.69808426e-16
3556.0 2.68308296e-16
3557.0 3.4510685e-16
3558.0 3.3665741e-16
3559.0 1.92439728e-16
3560.0 1.90151615e-16
3561.0 2.32246075e-16
3562.0 2.94934788e-16
3563.0 2.92487259e-16
3564.0 2.40462341e-16
3565.0 2.46223717e-16
3566.0 3.25528488e-16
3567.0 3.72873077e-16
3568.0 2.02953358e-16
3569.0 1.93343353e-16
3570.0 2.19002476e-16
3571.0 2.24596195e-16
3572.0 2.27799206e-16
3573.0 2.22710018e-16
3574.0 3.18771896e-16
3575.0 2.71720676e-16
3576.0 1.55948296e-16
3577.0 2.96910172e-16
3578.0 2.35354958e-16
3579.0 2.45327568e-16
3580.0 2.50868206e-16
3581.0 2.42501373e-16
3582.0 4.29345016e-16
3583.0 2.70612373e-16
3584.0 1.50506439e-16
3585.0 1.65489407e-16
3586.0 1.94713211e-16
3587.0 3.2809185e-16
3588.0 3.46842155e-16
3589.0 1.83224487e-16
3590.0 2.36330528e-16
3591.0 2.27535248e-16
3592.0 2.29523888e-16
3593.0 2.47528152e-16
3594.0 2.07169285e-16
3595.0 2.64029655e-16
3596.0 2.72339268e-16
3597.0 1.68995323e-16
3598.0 2.6843832e-16
3599.0 2.93212662e-16
3600.0 2.63068256e-16
3601.0 3.10780716e-16
3602.0 2.88352509e-16
3603.0 2.36360798e-16
3604.0 1.34484596e-16
3605.0 2.29524422e-16
3606.0 2.51809006e-16
3607.0 2.5220192e-16
3608.0 1.95440197e-16
3609.0 2.42665367e-16
3610.0 2.1753418e-16
3611.0 2.13647537e-16
3612.0 2.6096283e-16
3613.0 3.17518368e-16
3614.0 2.52103405e-16
3615.0 2.92732487e-16
3616.0 2.29233303e-16
3617.0 2.18876362e-16
3618.0 1.91010456e-16
3619.0 1.49510775e-16
3620.0 2.66964378e-16
3621.0 2.1077383e-16
3622.0 2.57744789e-16
3623.0 2.32779789e-16
3624.0 2.5613018e-16
3625.0 3.36409874e-16
3626.0 2.75111732e-16
3627.0 2.58581543e-16
3628.0 2.79296246e-16
3629.0 2.05713043e-16
3630.0 2.11035824e-16
3631.0 2.19585724e-16
3632.0 2.24354877e-16
3633.0 1.86624489e-16
3634.0 2.23550091e-16
3635.0 2.27792721e-16
3636.0 2.53228149e-16
3637.0 3.08701649e-16
3638.0 2.42512665e-16
3639.0 1.7418499e-16
3640.0 2.21034985e-16
3641.0 2.78768597e-16
3642.0 2.50959396e-16
3643.0 2.38969536e-16
3644.0 3.0242815e-16
3645.0 2.28504562e-16
3646.0 2.56867714e-16
3647.0 2.06874771e-16
3648.0 3.08182049e-16
3649.0 2.18524609e-16
3650.0 1.73348389e-16
3651.0 1.55722303e-16
3652.0 1.66284389e-16
3653.0 2.48168907e-16
3654.0 2.29608307e-16
3655.0 2.18933735e-16
3656.0 1.1382513e-16
3657.0 2.08882065e-16
3658.0 2.31494827e-16
3659.0 2.74387341e-16
3660.0 2.20614395e-16
3661.0 1.83517227e-16
3662.0 1.86126747e-16
3663.0 2.15455303e-16
3664.0 2.28918171e-16
3665.0 2.49496765e-16
3666.0 2.42151642e-16
3667.0 2.83255997e-16
3668.0 2.75974674e-16
3669.0 2.26298504e-16
3670.0 1.98975582e-16
3671.0 1.97199917e-16
3672.0 2.18560524e-16
3673.0 2.45708771e-16
3674.0 2.6732357e-16
3675.0 1.90677433e-16
3676.0 1.90498562e-16
3677.0 2.32865963e-16
3678.0 2.9965004e-16
3679.0 2.57531528e-16
3680.0 2.34470673e-16
3681.0 3.23064919e-16
3682.0 2.01377449e-16
3683.0 2.0348341e-16
3684.0 2.13346939e-16
3685.0 2.62783813e-16
3686.0 1.60948963e-16
3687.0 2.62286186e-16
3688.0 2.06156883e-16
3689.0 2.00411263e-16
3690.0 2.34704075e-16
3691.0 2.21548862e-16
3692.0 2.43533478e-16
3693.0 2.3095192e-16
3694.0 2.27302113e-16
3695.0 2.27623787e-16
3696.0 2.36909924e-16
3697.0 2.33545914e-16
3698.0 1.83084965e-16
3699.0 2.06872673e-16
3700.0 1.92005043e-16
3701.0 2.25704327e-16
3702.0 2.12406387e-16
3703.0 2.47593956e-16
3704.0 1.77640495e-16
3705.0 1.5908083e-16
3706.0 1.88199673e-16
3707.0 2.31053638e-16
3708.0 1.95974579e-16
3709.0 1.8245985e-16
3710.0 2.34081497e-16
3711.0 2.69296913e-16
3712.0 2.30132408e-16
3713.0 2.09068279e-16
3714.0 1.82810211e-16
3715.0 1.72126522e-16
3716.0 2.00974026e-16
3717.0 2.12494335e-16
3718.0 2.41503735e-16
3719.0 2.89732304e-16
3720.0 2.42090702e-16
3721.0 2.42518654e-16
3722.0 2.45146923e-16
3723.0 2.29785442e-16
3724.0 2.8823288e-16
3725.0 2.38402138e-16
3726.0 2.43901997e-16
3727.0 1.65996552e-16
3728.0 2.70956059e-16
3729.0 2.30670071e-16
3730.0 2.24139175e-16
3731.0 2.04633007e-16
3732.0 1.89180737e-16
3733.0 2.06043129e-16
3734.0 2.33081417e-16
3735.0 2.55148888e-16
3736.0 2.4141077e-16
3737.0 2.18875923e-16
3738.0 1.98258419e-16
3739.0 1.99336357e-16
3740.0 2.07342052e-16
3741.0 2.86738663e-16
3742.0 2.54224911e-16
3743.0 2.11447525e-16
3744.0 1.7728775e-16
3745.0 2.09226646e-16
3746.0 2.18668633e-16
3747.0 1.408325e-16
3748.0 3.54373741e-16
3749.0 1.8581255e-16
3750.0 9.225986e-18
3751.0 1.64357815e-16
3752.0 2.09081211e-16
3753.0 2.14516182e-16
3754.0 1.40300808e-16
3755.0 1.9527626e-16
3756.0 1.86133404e-16
3757.0 1.69997425e-16
3758.0 2.03033314e-16
3759.0 2.70844555e-16
3760.0 2.96818352e-16
3761.0 2.24653416e-16
3762.0 1.80283127e-16
3763.0 1.77175674e-16
3764.0 1.85086117e-16
3765.0 1.90510483e-16
3766.0 1.43767748e-16
3767.0 3.22668762e-16
3768.0 2.06657677e-16
3769.0 1.94283695e-16
3770.0 1.936759e-16
3771.0 2.20572758e-16
3772.0 1.73181725e-16
3773.0 1.88975563e-16
3774.0 1.89104252e-16
3775.0 1.68437614e-16
3776.0 1.93637371e-16
3777.0 2.32853756e-16
3778.0 2.39314651e-16
3779.0 1.86703415e-16
3780.0 1.44928551e-16
3781.0 1.46732435e-16
3782.0 1.18372622e-16
3783.0 1.84172897e-16
3784.0 2.30923424e-16
3785.0 2.20897884e-16
3786.0 2.06743279e-16
3787.0 2.71724777e-16
3788.0 1.98274899e-16
3789.0 2.1273962e-16
3790.0 2.10266991e-16
3791.0 1.7175869e-16
3792.0 2.02151222e-16
3793.0 1.77522602e-16
3794.0 1.95400715e-16
3795.0 1.26643953e-16
3796.0 1.75733986e-16
3797.0 1.85538921e-16
3798.0 1.6098856e-16
3799.0 2.58502865e-16
3800.0 1.37827282e-16
3801.0 2.16813641e-16
3802.0 2.36930256e-16
3803.0 2.47208996e-16
3804.0 1.9619688e-16
3805.0 1.99727974e-16
3806.0 2.52071247e-16
3807.0 2.60330315e-16
3808.0 1.8639328e-16
3809.0 1.68071003e-16
3810.0 1.73209e-16
3811.0 2.05670147e-16
3812.0 2.27688217e-16
3813.0 1.94969807e-16
3814.0 2.5664093e-16
3815.0 1.88888531e-16
3816.0 2.13076553e-16
3817.0 2.05396175e-16
3818.0 1.93522129e-16
3819.0 1.98585033e-16
3820.0 1.8812891e-16
3821.0 1.77740421e-16
3822.0 2.13255558e-16
3823.0 2.09223709e-16
3824.0 1.25112295e-16
3825.0 1.96303654e-16
3826.0 2.39633827e-16
3827.0 1.79209919e-16
3828.0 1.12412357e-16
3829.0 1.5921587e-16
3830.0 2.37871704e-16
3831.0 2.13946552e-16
3832.0 1.42595882e-16
3833.0 1.69404202e-16
3834.0 1.91963234e-16
3835.0 1.36752872e-16
3836.0 2.32661476e-16
3837.0 1.6157856e-16
3838.0 1.75978794e-16
3839.0 2.07143555e-16
3840.0 1.91244564e-16
3841.0 2.29800434e-16
3842.0 1.98517151e-16
3843.0 1.21592607e-16
3844.0 1.9912447e-16
3845.0 2.00415459e-16
3846.0 2.27733459e-16
3847.0 1.97706718e-16
3848.0 1.97842636e-16
3849.0 2.22011261e-16
3850.0 2.12004719e-16
3851.0 1.62316151e-16
3852.0 1.66055393e-16
3853.0 1.97695847e-16
3854.0 1.97476044e-16
3855.0 2.49028854e-16
3856.0 2.49197063e-16
3857.0 2.30419693e-16
3858.0 1.78781452e-16
3859.0 1.62846622e-16
3860.0 1.69374523e-16
3861.0 2.30577717e-16
3862.0 2.22907009e-16
3863.0 1.75737629e-16
3864.0 1.86409702e-16
3865.0 1.83816586e-16
3866.0 1.48702822e-16
3867.0 2.38257809e-16
3868.0 2.09107533e-16
3869.0 2.13953037e-16
3870.0 2.09614296e-16
3871.0 2.22006969e-16
3872.0 1.82761726e-16
3873.0 1.79658985e-16
3874.0 1.94081116e-16
3875.0 1.77156506e-16
3876.0 2.62840309e-16
3877.0 2.00882931e-16
3878.0 2.30127964e-16
3879.0 2.15623131e-16
3880.0 1.89977055e-16
3881.0 2.36796837e-16
3882.0 3.00499382e-16
3883.0 2.38008595e-16
3884.0 2.08902435e-16
3885.0 2.58829269e-16
3886.0 2.20643654e-16
3887.0 2.36945763e-16
3888.0 2.51597271e-16
3889.0 2.16978626e-16
3890.0 1.87252827e-16
3891.0 2.05165119e-16
3892.0 2.00332489e-16
3893.0 1.63955708e-16
3894.0 1.78183842e-16
3895.0 1.55501022e-16
3896.0 2.03604202e-16
3897.0 2.39830208e-16
3898.0 2.36265926e-16
3899.0 2.50141811e-16
3900.0 1.97167969e-16
3901.0 2.7289732e-16
3902.0 1.75927486e-16
3903.0 1.89157276e-16
3904.0 1.83635273e-16
3905.0 1.48005028e-16
3906.0 1.30004673e-16
3907.0 1.16993608e-16
3908.0 2.01293087e-16
3909.0 2.54149952e-16
3910.0 2.33994598e-16
3911.0 2.56202488e-16
3912.0 2.63867416e-16
3913.0 2.49679775e-16
3914.0 2.01430569e-16
3915.0 2.06761398e-16
3916.0 2.18696518e-16
3917.0 1.94163094e-16
3918.0 2.12691154e-16
3919.0 2.39159603e-16
3920.0 1.77686653e-16
3921.0 2.12574806e-16
3922.0 2.13271999e-16
3923.0 2.39869537e-16
3924.0 2.34443283e-16
3925.0 2.02582436e-16
3926.0 1.87246208e-16
3927.0 2.29715633e-16
3928.0 2.19763145e-16
3929.0 1.60390587e-16
3930.0 2.1703352e-16
3931.0 2.08068047e-16
3932.0 2.28471088e-16
3933.0 2.15289803e-16
3934.0 2.03837128e-16
3935.0 2.11392479e-16
3936.0 2.5347271e-16
3937.0 2.49780388e-16
3938.0 2.37177792e-16
3939.0 2.51053963e-16
3940.0 2.15332851e-16
3941.0 1.99708042e-16
3942.0 2.37785034e-16
3943.0 2.52920818e-16
3944.0 2.3815567e-16
3945.0 2.49240322e-16
3946.0 2.42066269e-16
3947.0 1.63080883e-16
3948.0 2.19677391e-16
3949.0 2.5385807e-16
3950.0 2.58504181e-16
3951.0 2.32711411e-16
3952.0 2.61761513e-16
3953.0 2.42338276e-16
3954.0 2.50210361e-16
3955.0 2.49088154e-16
3956.0 2.54041882e-16
3957.0 2.26015511e-16
3958.0 2.83318272e-16
3959.0 2.30851307e-16
3960.0 2.64976215e-16
3961.0 2.59953747e-16
3962.0 2.31157455e-16
3963.0 2.20645657e-16
3964.0 2.13239651e-16
3965.0 2.42045364e-16
3966.0 2.26057491e-16
3967.0 2.6523077e-16
3968.0 1.82848892e-16
3969.0 1.77698135e-16
3970.0 2.81998711e-16
3971.0 2.80686207e-16
3972.0 2.49581337e-16
3973.0 2.24058762e-16
3974.0 1.85619144e-16
3975.0 2.05372658e-16
3976.0 2.3584795e-16
3977.0 2.63538303e-16
3978.0 2.2112215e-16
3979.0 2.26887074e-16
3980.0 2.2313385e-16
3981.0 2.92222614e-16
3982.0 2.75830841e-16
3983.0 2.38642941e-16
3984.0 2.21476498e-16
3985.0 2.26778679e-16
3986.0 2.06979618e-16
3987.0 1.83970947e-16
3988.0 3.01418037e-16
3989.0 4.74047508e-16
3990.0 7.69288254e-16
3991.0 4.9042057e-16
3992.0 2.89328346e-16
3993.0 2.27328835e-16
3994.0 2.26457443e-16
3995.0 1.95495014e-16
3996.0 1.86939278e-16
3997.0 1.94087372e-16
3998.0 2.03798294e-16
3999.0 1.94154129e-16
4000.0 1.95174446e-16
4001.0 2.94431019e-16
4002.0 3.79289551e-16
4003.0 4.52517815e-16
4004.0 2.5530098e-16
4005.0 4.40937225e-15
4006.0 2.71392041e-14
4007.0 3.90772949e-14
4008.0 2.43541577e-14
4009.0 2.58786401e-14
4010.0 3.62433521e-14
4011.0 2.52912524e-14
4012.0 3.96389429e-14
4013.0 2.51123218e-14
4014.0 4.08540283e-14
4015.0 2.32324463e-14
4016.0 3.99693799e-14
4017.0 1.35303491e-14
4018.0 2.77302393e-14
4019.0 3.20619043e-14
4020.0 2.6572146e-14
4021.0 3.51870459e-14
4022.0 2.60752344e-14
4023.0 1.97234985e-14
4024.0 1.87054089e-14
4025.0 2.10551807e-14
4026.0 3.32035156e-14
4027.0 1.50672046e-14
4028.0 2.53760938e-14
4029.0 2.24372827e-14
4030.0 1.9051001e-14
4031.0 2.38576611e-14
4032.0 3.74064844e-14
4033.0 2.5824165e-14
4034.0 2.05511987e-14
4035.0 2.10229663e-14
4036.0 2.42546484e-14
4037.0 2.38454468e-14
4038.0 2.12546729e-14
4039.0 3.10782812e-14
4040.0 3.72605884e-14
4041.0 2.833198e-14
4042.0 1.29594434e-14
4043.0 7.0992981e-16
4044.0 1.92884102e-16
4045.0 2.05231915e-16
4046.0 2.44706879e-16
4047.0 2.20616684e-16
4048.0 2.07319565e-16
4049.0 2.42451e-16
4050.0 2.20700569e-16
4051.0 2.16457787e-16
4052.0 2.14851341e-16
4053.0 1.68941078e-16
4054.0 2.35854816e-16
4055.0 1.58773603e-16
4056.0 2.03451271e-16
4057.0 1.80162048e-16
4058.0 1.69592934e-16
4059.0 1.97028179e-16
4060.0 1.83713493e-16
4061.0 1.66754246e-16
4062.0 1.99629135e-16
4063.0 2.71982212e-16
4064.0 2.4730238e-16
4065.0 1.80084133e-16
4066.0 1.27752295e-16
4067.0 2.32830105e-16
4068.0 2.44266205e-16
4069.0 2.59010258e-16
4070.0 2.19539146e-16
4071.0 1.91394043e-16
4072.0 1.84410286e-16
4073.0 1.97819138e-16
4074.0 2.12489796e-16
4075.0 1.88406754e-16
4076.0 1.99321556e-16
4077.0 2.39995785e-16
4078.0 2.2849926e-16
4079.0 2.24236202e-16
4080.0 2.15519352e-16
4081.0 2.53143387e-16
4082.0 2.74180489e-16
4083.0 3.97945099e-16
4084.0 4.84648285e-16
4085.0 2.72368755e-16
4086.0 1.29828501e-16
4087.0 2.24533501e-16
4088.0 2.0833828e-16
4089.0 1.18430328e-16
4090.0 1.57586718e-16
4091.0 2.48241119e-16
4092.0 3.24347343e-16
4093.0 2.70403633e-16
4094.0 2.19561501e-16
4095.0 1.80672703e-16
4096.0 1.9557354e-16
4097.0 1.68303833e-16
4098.0 2.14096985e-16
4099.0 1.8143671e-16
4100.0 1.41137791e-16
4101.0 2.32084656e-16
4102.0 1.95491486e-16
4103.0 1.86567535e-16
4104.0 2.11896248e-16
4105.0 2.17967567e-16
4106.0 1.90100594e-16
4107.0 1.96697025e-16
4108.0 1.87115231e-16
4109.0 1.75503044e-16
4110.0 1.53126926e-16
4111.0 1.96408405e-16
4112.0 2.08013153e-16
4113.0 2.16550045e-16
4114.0 1.98124981e-16
4115.0 2.26462154e-16
4116.0 1.92540474e-16
4117.0 2.4047102e-16
4118.0 1.37998695e-16
4119.0 1.99669571e-16
4120.0 2.1885931e-16
4121.0 2.68865719e-16
4122.0 2.18860207e-16
4123.0 1.82021904e-16
4124.0 1.09038763e-16
4125.0 1.7889698e-16
4126.0 2.16679726e-16
4127.0 2.26787453e-16
4128.0 2.12124214e-16
4129.0 2.77145653e-16
4130.0 2.78014412e-16
4131.0 2.09634285e-16
4132.0 2.16936073e-16
4133.0 2.06136456e-16
4134.0 1.74057007e-16
4135.0 2.51624088e-16
4136.0 2.69665871e-16
4137.0 1.70600529e-16
4138.0 2.10333767e-16
4139.0 2.31669331e-16
4140.0 2.09336662e-16
4141.0 1.67027836e-16
4142.0 1.80264187e-16
4143.0 1.86672268e-16
4144.0 1.91506767e-16
4145.0 2.33179893e-16
4146.0 2.36990566e-16
4147.0 2.26293736e-16
4148.0 2.16036606e-16
4149.0 2.03846989e-16
4150.0 2.18494987e-16
4151.0 2.02732372e-16
4152.0 2.34761181e-16
4153.0 2.41777744e-16
4154.0 1.87464352e-16
4155.0 1.87861996e-16
4156.0 2.21914368e-16
4157.0 1.55082531e-16
4158.0 2.36966e-16
4159.0 1.59711628e-16
4160.0 1.84448719e-16
4161.0 2.46840363e-16
4162.0 2.05870571e-16
4163.0 2.10198669e-16
4164.0 2.28769169e-16
4165.0 2.08687687e-16
4166.0 1.92750359e-16
4167.0 2.30902481e-16
4168.0 2.17864227e-16
4169.0 1.73790817e-16
4170.0 2.0826725e-16
4171.0 1.93125706e-16
4172.0 1.63662148e-16
4173.0 2.1972311e-16
4174.0 2.17451496e-16
4175.0 2.11886539e-16
4176.0 1.9487566e-16
4177.0 1.86395092e-16
4178.0 1.66673031e-16
4179.0 1.84875317e-16
4180.0 2.0587225e-16
4181.0 2.35394897e-16
4182.0 2.58754921e-16
4183.0 2.26667786e-16
4184.0 1.80788994e-16
4185.0 1.8144249e-16
4186.0 1.64596195e-16
4187.0 2.09991627e-16
4188.0 1.98645229e-16
4189.0 2.26993828e-16
4190.0 2.7010643e-16
4191.0 2.10141621e-16
4192.0 1.89474945e-16
4193.0 1.97351837e-16
4194.0 2.40160866e-16
4195.0 1.98498592e-16
4196.0 1.71552181e-16
4197.0 1.82889175e-16
4198.0 2.09103851e-16
4199.0 2.1613884e-16
4200.0 2.3458847e-16
4201.0 1.59471827e-16
4202.0 2.15489445e-16
4203.0 2.01528072e-16
4204.0 2.00235386e-16
4205.0 1.71440315e-16
4206.0 1.95469913e-16
4207.0 2.02142296e-16
4208.0 2.2207243e-16
4209.0 9.37065125e-17
4210.0 2.16122131e-16
4211.0 1.95310211e-16
4212.0 1.63500519e-16
4213.0 1.78991871e-16
4214.0 2.12154083e-16
4215.0 1.98559799e-16
4216.0 1.90847855e-16
4217.0 2.64452667e-16
4218.0 1.51649513e-16
4219.0 1.94913597e-16
4220.0 2.17199154e-16
4221.0 2.18918037e-16
4222.0 2.11199551e-16
4223.0 2.22125988e-16
4224.0 2.16339836e-16
4225.0 2.08017521e-16
4226.0 1.94190712e-16
4227.0 2.0080843e-16
4228.0 2.04344902e-16
4229.0 2.01750336e-16
4230.0 1.83609943e-16
4231.0 1.58916531e-16
4232.0 1.74103413e-16
4233.0 1.77828808e-16
4234.0 1.71763535e-16
4235.0 1.80983582e-16
4236.0 1.92638493e-16
4237.0 2.29383411e-16
4238.0 2.24196072e-16
4239.0 2.09478397e-16
4240.0 2.04102955e-16
4241.0 1.57207508e-16
4242.0 1.57760105e-16
4243.0 2.00435867e-16
4244.0 1.67508926e-16
4245.0 2.02163467e-16
4246.0 2.01674385e-16
4247.0 1.76336288e-16
4248.0 1.9805481e-16
4249.0 2.27849026e-16
4250.0 1.88539581e-16
4251.0 2.28776531e-16
4252.0 1.56157141e-16
4253.0 1.87093601e-16
4254.0 1.50491581e-16
4255.0 2.08989964e-16
4256.0 2.07516117e-16
4257.0 1.98378563e-16
4258.0 1.75829201e-16
4259.0 2.11265068e-16
4260.0 2.13669243e-16
4261.0 2.01986389e-16
4262.0 2.08597908e-16
4263.0 1.81837807e-16
4264.0 2.05845566e-16
4265.0 1.94682465e-16
4266.0 1.82510357e-16
4267.0 1.56749372e-16
4268.0 1.56411524e-16
4269.0 1.53875875e-16
4270.0 1.78654537e-16
4271.0 2.05509644e-16
4272.0 2.10226498e-16
4273.0 1.86712074e-16
4274.0 2.01674385e-16
4275.0 2.08026886e-16
4276.0 1.82178383e-16
4277.0 1.98663006e-16
4278.0 1.73421097e-16
4279.0 1.79706364e-16
4280.0 1.96856632e-16
4281.0 1.87742825e-16
4282.0 2.39081287e-16
4283.0 2.14308758e-16
4284.0 1.63647118e-16
4285.0 1.65573769e-16
4286.0 2.38446465e-16
4287.0 2.21886635e-16
4288.0 1.80541477e-16
4289.0 2.04429531e-16
4290.0 1.31565933e-16
4291.0 1.73859138e-16
4292.0 1.9529377e-16
4293.0 2.26218605e-16
4294.0 1.84691277e-16
4295.0 2.06371117e-16
4296.0 1.94186153e-16
4297.0 1.89686432e-16
4298.0 1.83835011e-16
4299.0 1.52310047e-16
4300.0 2.31586227e-16
4301.0 1.75443878e-16
4302.0 2.16217899e-16
4303.0 3.02748547e-16
4304.0 2.30860939e-16
4305.0 2.2317318e-16
4306.0 1.90483971e-16
4307.0 3.21257858e-16
4308.0 1.44958658e-16
4309.0 2.88209782e-16
4310.0 2.48331337e-16
4311.0 3.17664127e-16
4312.0 2.85848503e-16
4313.0 2.24045849e-16
4314.0 2.46979733e-16
4315.0 2.45126419e-16
4316.0 2.15848408e-16
4317.0 2.70431328e-16
4318.0 1.83051529e-16
4319.0 2.02148018e-16
4320.0 2.22471123e-16
4321.0 1.59447937e-16
4322.0 1.4361371e-16
4323.0 1.90875931e-16
4324.0 1.78648357e-16
4325.0 1.60030823e-16
4326.0 2.22868996e-16
4327.0 1.59150257e-16
4328.0 2.6424593e-16
4329.0 2.35722351e-16
4330.0 1.35194254e-16
4331.0 1.24196415e-16
4332.0 2.18057575e-16
4333.0 2.10177231e-16
4334.0 1.82282925e-16
4335.0 2.44109287e-16
4336.0 2.11942005e-16
4337.0 1.92055473e-16
4338.0 1.99596863e-16
4339.0 2.77256546e-16
4340.0 2.26075783e-16
4341.0 2.03288479e-16
4342.0 2.09622231e-16
4343.0 1.52248659e-16
4344.0 1.82513237e-16
4345.0 1.83977509e-16
4346.0 1.77393551e-16
4347.0 1.41116362e-16
4348.0 1.41827497e-16
4349.0 1.76006508e-16
4350.0 1.62164612e-16
4351.0 1.43039207e-16
4352.0 2.99182167e-16
4353.0 2.59780273e-16
4354.0 2.4993391e-16
4355.0 1.29466314e-16
4356.0 2.34598656e-16
4357.0 1.31148577e-16
4358.0 1.8223732e-16
4359.0 1.59896774e-16
4360.0 1.72609596e-16
4361.0 1.72142811e-16
4362.0 1.45800419e-16
4363.0 1.73845768e-16
4364.0 2.3579771e-16
4365.0 1.12200441e-16
4366.0 2.87189846e-16
4367.0 1.35766029e-16
4368.0 2.95812664e-16
4369.0 1.43104401e-16
4370.0 1.93851795e-16
4371.0 2.00913563e-16
4372.0 2.47364445e-16
4373.0 2.07125759e-16
4374.0 2.39605255e-16
4375.0 1.82976284e-16
4376.0 2.06065292e-16
4377.0 1.82270145e-16
4378.0 1.75274506e-16
4379.0 2.96927929e-16
4380.0 2.16875553e-16
4381.0 2.19925499e-16
4382.0 1.90317078e-16
4383.0 1.95609169e-16
4384.0 2.3962101e-16
4385.0 2.39704342e-16
4386.0 1.66778908e-16
4387.0 2.06455345e-16
4388.0 2.0586956e-16
4389.0 1.8233984e-16
4390.0 2.26790733e-16
4391.0 2.02732868e-16
4392.0 1.77105122e-16
4393.0 1.77548466e-16
4394.0 1.91754265e-16
4395.0 2.01420879e-16
4396.0 1.95349331e-16
4397.0 1.99564266e-16
4398.0 2.17684937e-16
4399.0 2.17459126e-16
4400.0 2.27432842e-16
4401.0 2.28046589e-16
4402.0 1.98724556e-16
4403.0 1.52103291e-16
4404.0 1.65977459e-16
4405.0 2.1119627e-16
4406.0 2.14803391e-16
4407.0 2.29010048e-16
4408.0 2.04142208e-16
4409.0 1.91726894e-16
4410.0 1.82760181e-16
4411.0 1.9308548e-16
4412.0 1.94947014e-16
4413.0 2.13499908e-16
4414.0 2.03143425e-16
4415.0 1.98597488e-16
4416.0 1.99519501e-16
4417.0 1.82193489e-16
4418.0 2.0213377e-16
4419.0 1.88418808e-16
4420.0 2.05347443e-16
4421.0 2.2998188e-16
4422.0 2.0864296e-16
4423.0 2.04393787e-16
4424.0 2.01092033e-16
4425.0 2.00088272e-16
4426.0 2.31021976e-16
4427.0 2.00503597e-16
4428.0 1.51099386e-16
4429.0 1.68216686e-16
4430.0 1.81831684e-16
4431.0 2.06030769e-16
4432.0 2.24195461e-16
4433.0 2.18465691e-16
4434.0 1.60942345e-16
4435.0 2.09964123e-16
4436.0 1.90384998e-16
4437.0 2.3766428e-16
4438.0 1.91113472e-16
4439.0 1.74167118e-16
4440.0 1.80498886e-16
4441.0 2.11173115e-16
4442.0 2.34687386e-16
4443.0 1.65364399e-16
4444.0 1.88345013e-16
4445.0 1.79131317e-16
4446.0 2.19095039e-16
4447.0 2.32998009e-16
4448.0 1.77514439e-16
4449.0 1.92631779e-16
4450.0 2.11522255e-16
4451.0 1.98862953e-16
4452.0 2.09167309e-16
4453.0 2.09284782e-16
4454.0 2.16784019e-16
4455.0 1.8463789e-16
4456.0 1.80704632e-16
4457.0 1.74263744e-16
4458.0 1.93480206e-16
4459.0 2.01445637e-16
4460.0 1.87810574e-16
4461.0 2.17909679e-16
4462.0 1.79894352e-16
4463.0 1.47361851e-16
4464.0 1.8626236e-16
4465.0 1.81261177e-16
4466.0 2.05435123e-16
4467.0 2.17107029e-16
4468.0 2.25235596e-16
4469.0 1.96395874e-16
4470.0 1.91176224e-16
4471.0 2.04674892e-16
4472.0 1.90387173e-16
4473.0 1.90730553e-16
4474.0 1.71331425e-16
4475.0 2.21884346e-16
4476.0 1.81974392e-16
4477.0 1.79421406e-16
4478.0 1.61566429e-16
4479.0 2.43086643e-16
4480.0 2.12211304e-16
4481.0 2.28840313e-16
4482.0 2.25536308e-16
4483.0 2.04777451e-16
4484.0 2.21449108e-16
4485.0 2.3944746e-16
4486.0 2.18792782e-16
4487.0 2.14696255e-16
4488.0 2.05749893e-16
4489.0 1.75338764e-16
4490.0 1.9377533e-16
4491.0 1.90224571e-16
4492.0 1.92892246e-16
4493.0 2.03933964e-16
4494.0 2.07691479e-16
4495.0 2.04862461e-16
4496.0 1.96257534e-16
4497.0 2.06830311e-16
4498.0 2.31285896e-16
4499.0 1.95693645e-16
4500.0 1.5018755e-16
4501.0 2.15920277e-16
4502.0 1.56820755e-16
4503.0 2.40367203e-16
4504.0 1.86822262e-16
4505.0 2.34261017e-16
4506.0 2.32727356e-16
4507.0 1.74089203e-16
4508.0 2.07697239e-16
4509.0 1.62444019e-16
4510.0 2.34752388e-16
4511.0 1.97334061e-16
4512.0 1.70027294e-16
4513.0 1.72095032e-16
4514.0 1.34194708e-16
4515.0 1.44093533e-16
4516.0 1.74921551e-16
4517.0 1.90237942e-16
4518.0 1.7490696e-16
4519.0 1.59040747e-16
4520.0 2.12387886e-16
4521.0 2.57533703e-16
4522.0 2.31092091e-16
4523.0 2.49149685e-16
4524.0 2.56424923e-16
4525.0 1.92671947e-16
4526.0 2.01930618e-16
4527.0 1.81079807e-16
4528.0 1.39860086e-16
4529.0 8.45123482e-17
4530.0 2.14458675e-16
4531.0 1.99383564e-16
4532.0 1.50496244e-16
4533.0 2.39331188e-16
4534.0 1.80040112e-16
4535.0 2.57011547e-16
4536.0 1.93429909e-16
4537.0 1.7683651e-16
4538.0 2.12632027e-16
4539.0 2.06156616e-16
4540.0 3.56297836e-16
4541.0 2.96220703e-16
4542.0 1.85753784e-16
4543.0 1.48829775e-16
4544.0 1.74685802e-16
4545.0 1.88641605e-16
4546.0 1.62647648e-16
4547.0 1.10902443e-16
4548.0 1.18998566e-16
4549.0 1.71726913e-16
4550.0 1.59948664e-16
4551.0 2.23516197e-16
4552.0 1.53691816e-16
4553.0 2.07570496e-16
4554.0 1.51810589e-16
4555.0 2.16187801e-16
4556.0 2.5650835e-16
4557.0 1.64462585e-16
4558.0 1.73819351e-16
4559.0 1.65963402e-16
4560.0 2.21217327e-16
4561.0 2.34067268e-16
4562.0 1.7760067e-16
4563.0 2.0532402e-16
4564.0 2.19797192e-16
4565.0 1.9071003e-16
4566.0 1.86005116e-16
4567.0 1.8576601e-16
4568.0 1.79461193e-16
4569.0 1.84836006e-16
4570.0 1.84521294e-16
4571.0 1.90938587e-16
4572.0 2.06475315e-16
4573.0 2.08129673e-16
4574.0 1.43721914e-16
4575.0 1.23934584e-16
4576.0 2.04842339e-16
4577.0 1.15131788e-16
4578.0 2.10574131e-16
4579.0 1.90629997e-16
4580.0 1.78637047e-16
4581.0 1.81401176e-16
4582.0 1.7941925e-16
4583.0 1.86930733e-16
4584.0 1.80268974e-16
4585.0 1.86253471e-16
4586.0 1.55480251e-16
4587.0 1.50531149e-16
4588.0 2.05276089e-16
4589.0 2.15730877e-16
4590.0 2.29706821e-16
4591.0 3.26301155e-16
4592.0 2.86502628e-16
4593.0 1.17656622e-16
4594.0 1.75637741e-16
4595.0 1.41507006e-16
4596.0 2.53901215e-16
4597.0 1.2388236e-16
4598.0 1.95764904e-16
4599.0 1.68161831e-16
4600.0 1.70629101e-16
4601.0 1.46456079e-16
4602.0 1.77174969e-16
4603.0 1.66142693e-16
4604.0 1.61308327e-16
4605.0 1.87472935e-16
4606.0 1.66113167e-16
4607.0 1.45772648e-16
4608.0 1.74055386e-16
4609.0 1.65301762e-16
4610.0 2.2163372e-16
4611.0 1.78539677e-16
4612.0 1.83179588e-16
4613.0 2.88021736e-16
4614.0 2.32511711e-16
4615.0 2.23554802e-16
4616.0 1.76403484e-16
4617.0 1.40545263e-16
4618.0 1.13750343e-16
4619.0 9.20324326e-17
4620.0 1.47609892e-16
4621.0 1.3691432e-16
4622.0 1.57320604e-16
4623.0 1.97359791e-16
4624.0 1.77075806e-16
4625.0 2.03495064e-16
4626.0 1.7602047e-16
4627.0 1.88893986e-16
4628.0 2.13566113e-16
4629.0 2.15488453e-16
4630.0 1.72936344e-16
4631.0 1.84915829e-16
4632.0 1.13418922e-16
4633.0 1.18116999e-16
4634.0 1.56609268e-16
4635.0 1.95459232e-16
4636.0 2.13759003e-16
4637.0 2.41850891e-16
4638.0 2.00308189e-16
4639.0 1.65620079e-16
4640.0 2.09346371e-16
4641.0 1.98564262e-16
4642.0 1.45349998e-16
4643.0 1.07995052e-16
4644.0 1.65156956e-16
4645.0 2.10998287e-16
4646.0 2.72558594e-16
4647.0 1.83260117e-16
4648.0 1.75305004e-16
4649.0 1.43249531e-16
4650.0 1.47315016e-16
4651.0 1.71124859e-16
4652.0 1.47698917e-16
4653.0 1.32639332e-16
4654.0 2.37602253e-16
4655.0 2.92725563e-16
4656.0 1.80549259e-16
4657.0 1.81003494e-16
4658.0 2.08938637e-16
4659.0 1.74443855e-16
4660.0 1.78781548e-16
4661.0 1.41666775e-16
4662.0 1.53206778e-16
4663.0 1.14665585e-16
4664.0 1.88095512e-16
4665.0 1.17500038e-16
4666.0 2.58193283e-16
4667.0 2.23371525e-16
4668.0 1.57810602e-16
4669.0 1.97705116e-16
4670.0 2.09354649e-16
4671.0 2.53213253e-16
4672.0 2.41677246e-16
4673.0 2.30995731e-16
4674.0 1.61528358e-16
4675.0 1.54539423e-16
4676.0 1.8717617e-16
4677.0 2.52068443e-16
4678.0 2.07819443e-16
4679.0 1.41646891e-16
4680.0 1.98125172e-16
4681.0 1.75225468e-16
4682.0 1.38673e-16
4683.0 1.3959774e-16
4684.0 1.13000059e-16
4685.0 1.19053488e-16
4686.0 1.80699863e-16
4687.0 2.10937462e-16
4688.0 1.67343903e-16
4689.0 2.85580883e-16
4690.0 9.01585197e-17
4691.0 2.14889832e-16
4692.0 1.97424507e-16
4693.0 1.59563227e-16
4694.0 1.98984222e-16
4695.0 1.97137241e-16
4696.0 1.81283073e-16
4697.0 1.88345356e-16
4698.0 1.72755756e-16
4699.0 1.6484417e-16
4700.0 1.65749474e-16
4701.0 2.3174757e-16
4702.0 1.15987291e-16
4703.0 2.38841209e-16
4704.0 1.15588446e-16
4705.0 1.93953724e-16
4706.0 1.50825834e-16
4707.0 1.76214619e-16
4708.0 1.48831654e-16
4709.0 9.69158077e-17
4710.0 1.30641842e-16
4711.0 1.71580257e-16
4712.0 1.72006531e-16
4713.0 2.52043819e-16
4714.0 1.82292118e-16
4715.0 1.09526615e-16
4716.0 1.73319149e-16
4717.0 1.50875788e-16
4718.0 2.095644e-16
4719.0 1.81014481e-16
4720.0 1.55528574e-16
4721.0 1.91378918e-16
4722.0 2.12451e-16
4723.0 1.8953743e-16
4724.0 1.91524811e-16
4725.0 2.15658588e-16
4726.0 1.88017998e-16
4727.0 1.91548634e-16
4728.0 1.68896408e-16
4729.0 1.99585896e-16
4730.0 1.49750834e-16
4731.0 1.95764809e-16
4732.0 1.69177055e-16
4733.0 1.70590153e-16
4734.0 2.13287106e-16
4735.0 2.08927441e-16
4736.0 1.69343529e-16
4737.0 1.75690441e-16
4738.0 2.10333347e-16
4739.0 1.52094193e-16
4740.0 6.38812876e-17
4741.0 1.27809782e-16
4742.0 1.76390419e-16
4743.0 1.68936367e-16
4744.0 1.38106813e-16
4745.0 1.66616917e-16
4746.0 1.64364033e-16
4747.0 1.545119e-16
4748.0 2.07866688e-16
4749.0 1.94445229e-16
4750.0 2.0626461e-16
4751.0 1.49624014e-16
4752.0 2.23172493e-16
4753.0 1.4316453e-16
4754.0 1.98303909e-16
4755.0 1.49332952e-16
4756.0 1.69050255e-16
4757.0 2.34518566e-16
4758.0 2.17750721e-16
4759.0 1.67039528e-16
4760.0 1.76263161e-16
4761.0 1.29103842e-16
4762.0 1.17544708e-16
4763.0 1.73508301e-16
4764.0 9.77593327e-17
4765.0 1.45303345e-16
4766.0 1.45189095e-16
4767.0 2.14489441e-16
4768.0 2.53131447e-16
4769.0 2.20785446e-16
4770.0 1.77266827e-16
4771.0 1.73770351e-16
4772.0 2.02946396e-16
4773.0 1.70096016e-16
4774.0 1.1981595e-16
4775.0 2.47861385e-16
4776.0 1.84154167e-16
4777.0 1.22715034e-16
4778.0 1.25549507e-16
4779.0 1.9435461e-16
4780.0 2.03692017e-16
4781.0 1.69856014e-16
4782.0 1.74043713e-16
4783.0 1.3991869e-16
4784.0 1.69545517e-16
4785.0 1.1911953e-16
4786.0 1.72236404e-16
4787.0 1.55477133e-16
4788.0 1.77531738e-16
4789.0 1.30610628e-16
4790.0 1.34209957e-16
4791.0 1.81467915e-16
4792.0 2.0514576e-16
4793.0 1.99983959e-16
4794.0 1.55112286e-16
4795.0 1.67734718e-16
4796.0 2.17617092e-16
4797.0 2.41977482e-16
4798.0 1.09805727e-16
4799.0 1.01244726e-16
4800.0 1.86714439e-16
4801.0 2.13839531e-16
4802.0 1.72747002e-16
4803.0 1.47593622e-16
4804.0 1.53114128e-16
4805.0 1.52400293e-16
4806.0 1.04971762e-16
4807.0 1.90233612e-16
4808.0 1.20706253e-16
4809.0 1.36911573e-16
4810.0 1.57073793e-16
4811.0 1.77480221e-16
4812.0 1.98347015e-16
4813.0 1.85824165e-16
4814.0 1.75810356e-16
4815.0 2.6245657e-16
4816.0 1.6090601e-16
4817.0 1.41600876e-16
4818.0 1.61386833e-16
4819.0 1.61321011e-16
4820.0 1.08526926e-16
4821.0 1.86305771e-16
4822.0 2.18772812e-16
4823.0 1.74096565e-16
4824.0 1.88447227e-16
4825.0 1.2424304e-16
4826.0 1.90903244e-16
4827.0 1.35668936e-16
4828.0 1.2036705e-16
4829.0 1.41670914e-16
4830.0 1.48959637e-16
4831.0 1.75213642e-16
4832.0 1.5271698e-16
4833.0 1.1081934e-16
4834.0 1.21589518e-16
4835.0 8.81134605e-17
4836.0 1.43040524e-16
4837.0 1.56074686e-16
4838.0 1.20653944e-16
4839.0 1.7182888e-16
4840.0 1.94201775e-16
4841.0 1.51657152e-16
4842.0 1.31479626e-16
4843.0 1.49667082e-16
4844.0 1.43496761e-16
4845.0 1.75152931e-16
4846.0 2.03613377e-16
4847.0 1.74429188e-16
4848.0 1.35029593e-16
4849.0 1.00288982e-16
4850.0 1.37160263e-16
4851.0 1.7278614e-16
4852.0 2.00497818e-16
4853.0 1.96230526e-16
4854.0 1.07395544e-16
4855.0 2.09992714e-16
4856.0 1.6500721e-16
4857.0 1.77187176e-16
4858.0 1.207798e-16
4859.0 1.58815899e-16
4860.0 1.60428123e-16
4861.0 1.51693983e-16
4862.0 1.62223434e-16
4863.0 1.55842266e-16
4864.0 2.10884514e-16
4865.0 1.88324604e-16
4866.0 1.20069542e-16
4867.0 1.84996986e-16
4868.0 2.32521839e-16
4869.0 1.80562191e-16
4870.0 1.48071346e-16
4871.0 1.85421219e-16
4872.0 2.09731293e-16
4873.0 1.83302822e-16
4874.0 2.1209137e-16
4875.0 1.28992844e-16
4876.0 2.52378559e-16
4877.0 1.66923447e-16
4878.0 1.69043694e-16
4879.0 1.73778572e-16
4880.0 1.41866207e-16
4881.0 1.48797798e-16
4882.0 1.68749561e-16
4883.0 1.55828104e-16
4884.0 1.81815929e-16
4885.0 2.04996948e-16
4886.0 1.943606e-16
4887.0 1.31778278e-16
4888.0 1.49052973e-16
4889.0 1.69835281e-16
4890.0 1.58082027e-16
4891.0 2.77090702e-16
4892.0 1.98430195e-16
4893.0 1.61228142e-16
4894.0 1.13188295e-16
4895.0 1.67508945e-16
4896.0 1.86428051e-16
4897.0 1.5532362e-16
4898.0 1.50663509e-16
4899.0 1.79563541e-16
4900.0 1.5782999e-16
4901.0 2.32346058e-16
4902.0 2.07878265e-16
4903.0 1.73135548e-16
4904.0 1.42052851e-16
4905.0 1.73041649e-16
4906.0 1.76543312e-16
4907.0 1.41338234e-16
4908.0 1.50249729e-16
4909.0 1.85931778e-16
4910.0 1.68197327e-16
4911.0 1.194069e-16
4912.0 1.72874718e-16
4913.0 1.11788359e-16
4914.0 1.55422163e-16
4915.0 2.12466717e-16
4916.0 1.77681541e-16
4917.0 1.49335451e-16
4918.0 7.3412137e-17
4919.0 1.4364912e-16
4920.0 1.75266724e-16
4921.0 1.9096014e-16
4922.0 1.4893959e-16
4923.0 1.3644783e-16
4924.0 1.31021547e-16
4925.0 1.2160614e-16
4926.0 2.4719511e-16
4927.0 2.72821941e-16
4928.0 1.93410301e-16
4929.0 1.92694759e-16
4930.0 1.45338373e-16
4931.0 1.46958656e-16
4932.0 1.9984499e-16
4933.0 1.97625332e-16
4934.0 1.04606152e-16
4935.0 1.52606354e-16
4936.0 2.61457577e-16
4937.0 1.11568804e-16
4938.0 2.73945599e-16
4939.0 2.0301609e-16
4940.0 1.63439579e-16
4941.0 2.70697632e-16
4942.0 2.55561981e-16
4943.0 1.69156284e-16
4944.0 1.3494956e-16
4945.0 1.92955284e-16
4946.0 1.59575891e-16
4947.0 1.16345587e-16
4948.0 1.57230186e-16
4949.0 1.64181576e-16
4950.0 8.90107536e-17
4951.0 1.92195873e-16
4952.0 1.65614796e-16
4953.0 1.18362083e-16
4954.0 1.73634243e-16
4955.0 2.13753281e-16
4956.0 1.74051857e-16
4957.0 1.42887573e-16
4958.0 1.77590141e-16
4959.0 1.68963776e-16
4960.0 1.78577499e-16
4961.0 1.71002064e-16
4962.0 2.13127613e-16
4963.0 9.11377335e-17
4964.0 8.58502674e-17
4965.0 1.34295149e-16
4966.0 5.07922363e-17
4967.0 -1.01092243e-17
4968.0 1.91544533e-16
4969.0 2.62329788e-16
4970.0 2.96116848e-16
4971.0 1.81484909e-16
4972.0 1.49518814e-16
4973.0 1.58339739e-16
4974.0 1.09277802e-16
4975.0 1.72263641e-16
4976.0 1.66555805e-16
4977.0 1.39742498e-16
4978.0 1.37998466e-16
4979.0 1.4708272e-16
4980.0 1.58286238e-16
4981.0 1.61412582e-16
4982.0 1.5054656e-16
4983.0 1.3683979e-16
4984.0 1.56293449e-16
4985.0 1.4968153e-16
4986.0 1.3971981e-16
4987.0 1.73174667e-16
4988.0 1.62372322e-16
4989.0 1.34383421e-16
4990.0 1.83093452e-16
4991.0 1.84802742e-16
4992.0 9.63773346e-17
4993.0 1.37393999e-16
4994.0 1.64213123e-16
4995.0 1.78928299e-16
4996.0 1.40280685e-16
4997.0 1.21885977e-16
4998.0 2.20364456e-16
4999.0 -6.46138564e-19
5000.0 1.75383091e-16
5001.0 2.0216671e-16
5002.0 1.63703671e-16
5003.0 1.34500914e-16
5004.0 1.32404709e-16
5005.0 1.66380692e-16
5006.0 2.66620235e-16
5007.0 2.28675041e-16
5008.0 2.3254694e-16
5009.0 1.92414551e-16
5010.0 1.61686363e-16
5011.0 1.52533932e-16
5012.0 1.53768358e-16
5013.0 1.63139801e-16
5014.0 2.0477953e-16
5015.0 2.04512749e-16
5016.0 2.2685957e-16
5017.0 1.34828129e-16
5018.0 7.79066563e-17
5019.0 1.38013706e-16
5020.0 2.09726524e-16
5021.0 1.00789881e-16
5022.0 1.74747715e-16
5023.0 1.67631912e-16
5024.0 1.64664745e-16
5025.0 1.56306171e-16
5026.0 1.27853842e-16
5027.0 1.57482853e-16
5028.0 3.06851368e-16
5029.0 1.61418934e-16
5030.0 2.67092361e-16
5031.0 2.37771797e-16
5032.0 1.85462475e-16
5033.0 2.25777302e-16
5034.0 2.25765991e-16
5035.0 6.6218133e-17
5036.0 1.76930046e-16
5037.0 3.31763268e-16
5038.0 1.03496037e-16
5039.0 1.23163452e-16
5040.0 1.8305439e-16
5041.0 1.73601208e-16
5042.0 1.45696316e-16
5043.0 1.06942701e-16
5044.0 1.88424988e-16
5045.0 1.94141712e-16
5046.0 1.71298771e-16
5047.0 1.09872885e-16
5048.0 1.06159973e-16
5049.0 1.77068329e-16
5050.0 1.63892441e-16
5051.0 1.65276432e-16
5052.0 1.61075191e-16
5053.0 2.44182129e-16
5054.0 2.54063301e-16
5055.0 1.93381882e-16
5056.0 1.6787178e-16
5057.0 2.24773159e-16
5058.0 5.15864611e-17
5059.0 2.09808712e-16
5060.0 9.91646099e-17
5061.0 4.4994421e-17
5062.0 9.50400257e-17
5063.0 1.55628424e-16
5064.0 1.66689873e-16
5065.0 1.74640617e-16
5066.0 9.99833107e-17
5067.0 1.92950268e-16
5068.0 1.86377945e-16
5069.0 1.56563711e-16
5070.0 1.67984715e-16
5071.0 1.25143299e-16
5072.0 1.55797739e-16
5073.0 1.68134632e-16
5074.0 1.27137547e-16
5075.0 1.70960045e-16
5076.0 1.67649708e-16
5077.0 1.08153896e-16
5078.0 1.94891872e-16
5079.0 1.01004677e-16
5080.0 1.87830772e-16
5081.0 1.24520054e-16
5082.0 9.18275642e-17
5083.0 1.25445223e-16
5084.0 1.59943819e-16
5085.0 1.44755802e-16
5086.0 2.23745346e-16
5087.0 1.43229895e-16
5088.0 1.69054813e-16
5089.0 1.1889678e-16
5090.0 5.75595617e-17
5091.0 8.57668686e-17
5092.0 8.69340706e-17
5093.0 9.32953644e-17
5094.0 9.53750515e-17
5095.0 1.05482759e-16
5096.0 1.22122355e-16
5097.0 1.2405756e-16
5098.0 1.10320482e-16
5099.0 1.42695007e-16
5100.0 1.17696178e-17
5101.0 6.2205863e-17
5102.0 1.64367161e-16
5103.0 1.70413628e-16
5104.0 1.28297071e-16
5105.0 1.81759243e-16
5106.0 1.49474878e-16
5107.0 1.3645545e-16
5108.0 1.57427969e-16
5109.0 1.66450462e-16
5110.0 1.92762394e-16
5111.0 2.08996887e-16
5112.0 1.20072393e-16
5113.0 1.64483643e-16
5114.0 1.73291855e-16
5115.0 1.04098091e-16
5116.0 9.25327206e-17
5117.0 1.30136871e-16
5118.0 1.43508587e-16
5119.0 1.52167501e-16
5120.0 9.55085468e-17
5121.0 1.24743204e-16
5122.0 1.98122139e-16
5123.0 1.75654182e-16
5124.0 1.28220453e-16
5125.0 2.38164234e-16
5126.0 1.24527779e-16
5127.0 1.22389088e-16
5128.0 1.6760046e-16
5129.0 1.4783761e-16
5130.0 1.19566011e-16
5131.0 1.42102041e-16
5132.0 1.27467051e-16
5133.0 2.36903057e-16
5134.0 1.34111433e-16
5135.0 1.90277596e-16
5136.0 2.2815279e-16
5137.0 1.96989918e-16
5138.0 2.37130642e-16
5139.0 2.4167345e-16
5140.0 1.88270149e-16
5141.0 8.6661787e-17
5142.0 1.18052082e-16
5143.0 1.59618921e-16
5144.0 8.2309351e-17
5145.0 7.66465855e-17
5146.0 1.72879009e-16
5147.0 1.35361166e-16
5148.0 1.40639391e-16
5149.0 1.43596392e-16
5150.0 1.73646297e-16
5151.0 3.18077145e-16
5152.0 7.9485302e-17
5153.0 2.74769611e-16
5154.0 2.07732468e-16
5155.0 1.77571621e-16
5156.0 1.80692081e-16
5157.0 8.67619324e-17
5158.0 2.66882305e-16
5159.0 8.62270451e-17
5160.0 1.80714264e-16
5161.0 2.59409199e-16
5162.0 2.19334831e-16
5163.0 1.21081285e-16
5164.0 1.20835238e-16
5165.0 2.14443684e-16
5166.0 1.84086246e-16
5167.0 1.87344017e-16
5168.0 1.5503828e-16
5169.0 1.12915182e-16
5170.0 2.0792448e-16
5171.0 1.83490295e-16
5172.0 1.74411583e-16
5173.0 1.38531017e-16
5174.0 1.06984501e-16
5175.0 1.26897049e-16
5176.0 2.0844101e-16
5177.0 2.08041325e-16
5178.0 1.59856682e-16
5179.0 1.51343889e-16
5180.0 1.53599072e-16
5181.0 1.45554256e-16
5182.0 1.2822238e-16
5183.0 1.31244888e-16
5184.0 1.69550724e-16
5185.0 1.76120739e-16
5186.0 1.534762e-16
5187.0 1.22753248e-16
5188.0 1.03798609e-16
5189.0 9.68935299e-17
5190.0 1.29959984e-16
5191.0 1.34302244e-16
5192.0 1.1946207e-16
5193.0 9.62683773e-17
5194.0 9.03166676e-17
5195.0 1.42293587e-16
5196.0 1.41556892e-16
5197.0 1.47334795e-16
5198.0 1.49512196e-16
5199.0 1.32362728e-16
5200.0 1.06433687e-16
5201.0 1.18089275e-16
5202.0 1.59167757e-16
5203.0 1.56765156e-16
5204.0 1.30319757e-16
5205.0 1.53463812e-16
5206.0 2.02161465e-16
5207.0 1.27924776e-16
5208.0 8.76715469e-17
5209.0 1.69826946e-16
5210.0 1.29569721e-16
5211.0 9.44093895e-17
5212.0 8.80307388e-17
5213.0 -6.08257866e-17
5214.0 2.87426777e-16
5215.0 1.98912983e-16
5216.0 1.21157589e-16
5217.0 1.8552372e-16
5218.0 2.64378815e-16
5219.0 6.60836935e-17
5220.0 2.12578201e-16
5221.0 3.67372108e-17
5222.0 9.25052166e-17
5223.0 2.23083954e-16
5224.0 2.54595795e-16
5225.0 2.74325981e-16
5226.0 2.88084087e-16
5227.0 1.63641834e-16
5228.0 1.15753241e-16
5229.0 1.55183477e-16
5230.0 2.20122204e-16
5231.0 2.42150631e-16
5232.0 1.95490589e-16
5233.0 1.7886425e-16
5234.0 1.3994072e-16
5235.0 1.15280828e-16
5236.0 1.23604136e-16
5237.0 8.00387478e-17
5238.0 7.79656506e-17
5239.0 1.6831152e-16
5240.0 1.61990986e-16
5241.0 1.20065603e-16
5242.0 1.57781982e-16
5243.0 1.9188467e-16
5244.0 1.68163013e-16
5245.0 1.76160221e-16
5246.0 1.6783493e-16
5247.0 1.46724777e-16
5248.0 1.54269371e-16
5249.0 2.32727699e-16
5250.0 1.42904949e-16
5251.0 5.36136723e-17
5252.0 3.58438826e-17
5253.0 6.77508831e-17
5254.0 9.52346611e-17
5255.0 4.10642357e-16
5256.0 5.84942055e-17
5257.0 1.5422469e-19
5258.0 2.48216939e-17
5259.0 2.31797838e-17
5260.0 3.0743185e-16
5261.0 1.96036835e-16
5262.0 1.89110508e-16
5263.0 2.10194988e-16
5264.0 1.74220238e-16
5265.0 7.69611883e-17
5266.0 1.02193394e-16
5267.0 1.48854799e-16
5268.0 1.71682434e-16
5269.0 1.8944212e-16
5270.0 1.81622276e-16
5271.0 1.31625061e-16
5272.0 1.60808334e-16
5273.0 1.30806293e-16
5274.0 1.52148476e-16
5275.0 1.22596674e-16
5276.0 7.69621658e-17
5277.0 2.02193966e-16
5278.0 2.47630539e-16
5279.0 2.44852905e-16
5280.0 1.67417145e-16
5281.0 1.07177734e-16
5282.0 1.33772182e-16
5283.0 1.78269272e-16
5284.0 4.37578297e-17
5285.0 1.27965221e-16
5286.0 8.99206066e-17
5287.0 1.36823931e-16
5288.0 6.14678421e-16
5289.0 3.64833946e-16
5290.0 2.86907616e-16
5291.0 1.88954964e-16
5292.0 9.45563507e-17
5293.0 6.06458139e-17
5294.0 1.30368605e-16
5295.0 1.85447578e-16
5296.0 1.65296097e-16
5297.0 2.12749557e-16
5298.0 2.31900806e-16
5299.0 1.25072222e-16
5300.0 2.65758629e-16
5301.0 2.10941048e-16
5302.0 1.48818398e-16
5303.0 1.37893744e-16
5304.0 1.62377491e-16
5305.0 1.34147539e-16
5306.0 -4.75275087e-17
5307.0 -5.57229614e-17
5308.0 1.08204269e-16
5309.0 2.59662075e-16
5310.0 2.19945011e-16
5311.0 1.12874937e-16
5312.0 1.13738546e-16
5313.0 8.68857193e-17
5314.0 1.26232443e-16
5315.0 1.69069271e-16
5316.0 -3.31997848e-17
5317.0 2.31882343e-16
5318.0 1.71465359e-16
5319.0 1.58062372e-16
5320.0 1.55310602e-16
5321.0 3.20001245e-17
5322.0 9.65882587e-17
5323.0 3.01001625e-16
5324.0 2.18105297e-16
5325.0 1.24074488e-16
5326.0 1.7332056e-16
5327.0 1.66026382e-16
5328.0 1.76747894e-16
5329.0 -1.6814333e-16
5330.0 -1.20180416e-16
5331.0 2.10556526e-16
5332.0 2.67699833e-16
5333.0 3.6824604e-16
5334.0 1.80037899e-16
5335.0 1.54432373e-16
5336.0 1.77781429e-16
5337.0 1.21754141e-16
5338.0 1.75344505e-16
5339.0 1.02866707e-16
5340.0 1.65507298e-16
5341.0 1.98002338e-16
5342.0 1.32041168e-16
5343.0 4.5294776e-17
5344.0 1.72731133e-16
5345.0 6.7367568e-17
5346.0 1.46508818e-16
5347.0 2.46137562e-16
5348.0 5.69624138e-17
5349.0 1.27230997e-16
5350.0 3.4785202e-16
5351.0 2.55009956e-16
5352.0 8.43021202e-17
5353.0 8.85917282e-17
5354.0 1.8739275e-16
5355.0 5.81183815e-17
5356.0 1.22097349e-16
5357.0 2.11852894e-16
5358.0 2.57692318e-16
5359.0 3.52806244e-16
5360.0 2.31412315e-17
5361.0 1.2999979e-16
5362.0 2.21858177e-16
5363.0 1.86803608e-16
5364.0 1.3116147e-16
5365.0 1.13886099e-16
5366.0 1.21976042e-16
5367.0 1.33137112e-16
5368.0 1.57592039e-16
5369.0 2.05409775e-16
5370.0 2.43766155e-16
5371.0 1.60094051e-16
5372.0 1.72069492e-16
5373.0 1.39244995e-16
5374.0 2.29060531e-17
5375.0 1.5355689e-16
5376.0 4.9391551e-17
5377.0 8.31611729e-17
5378.0 9.87129498e-17
5379.0 7.46188021e-17
5380.0 2.1697546e-16
5381.0 9.57490826e-17
5382.0 1.07066193e-16
5383.0 1.22336578e-16
5384.0 1.36123028e-16
5385.0 2.38329544e-16
5386.0 2.18108463e-16
5387.0 2.16924191e-16
5388.0 1.87608356e-16
5389.0 1.36911192e-16
5390.0 1.00493717e-16
5391.0 1.08087425e-16
5392.0 8.11829662e-17
5393.0 1.08881865e-16
5394.0 1.44271526e-16
5395.0 1.15490408e-16
5396.0 8.91367817e-17
5397.0 4.97058678e-17
5398.0 5.02814388e-17
5399.0 8.3577652e-17
5400.0 1.27354412e-16
5401.0 1.62724133e-16
5402.0 9.03575039e-17
5403.0 1.21606979e-16
5404.0 1.46696072e-16
5405.0 8.88508034e-17
5406.0 1.26132631e-16
5407.0 4.02992392e-17
5408.0 1.13039618e-16
5409.0 1.34051304e-16
5410.0 2.57240152e-17
5411.0 1.56279774e-16
5412.0 1.844174e-16
5413.0 1.73488045e-16
5414.0 1.33530188e-16
5415.0 9.70538139e-17
5416.0 1.5056427e-16
5417.0 1.79766808e-16
5418.0 1.01089497e-16
5419.0 7.88372898e-17
5420.0 1.66509228e-16
5421.0 2.05703049e-16
5422.0 8.12503433e-17
5423.0 9.11779594e-17
5424.0 1.60951405e-16
5425.0 1.93972549e-16
5426.0 8.17145252e-17
5427.0 7.60636759e-17
5428.0 6.0593276e-17
5429.0 6.41042519e-17
5430.0 1.0083663e-16
5431.0 1.54753723e-16
5432.0 9.71262264e-17
5433.0 1.08563385e-16
5434.0 1.19173594e-16
5435.0 1.0614069e-16
5436.0 1.38558216e-16
5437.0 9.43932343e-17
5438.0 5.88579798e-17
5439.0 6.95498657e-17
5440.0 1.20312672e-16
5441.0 1.33491812e-16
5442.0 7.65168953e-17
5443.0 8.72623539e-17
5444.0 1.0538516e-16
5445.0 9.22786808e-17
5446.0 7.40359163e-17
5447.0 -5.49643159e-18
5448.0 1.37965031e-16
5449.0 1.88032589e-16
5450.0 2.6882484e-17
5451.0 1.40962391e-16
5452.0 2.72600365e-17
5453.0 9.15121746e-17
5454.0 1.45513277e-16
5455.0 5.56501675e-17
5456.0 7.66527987e-17
5457.0 1.06806002e-16
5458.0 9.21717548e-17
5459.0 7.47501469e-17
5460.0 9.15902424e-17
5461.0 8.19952869e-17
5462.0 1.1682127e-16
5463.0 1.01407719e-16
5464.0 7.00068951e-17
5465.0 8.01305962e-17
5466.0 1.20334682e-16
5467.0 1.50694942e-16
5468.0 1.57792358e-16
5469.0 1.86105137e-16
5470.0 2.78299236e-16
5471.0 1.04335327e-16
5472.0 7.75139284e-17
5473.0 9.58966923e-17
5474.0 1.84395142e-16
5475.0 5.06108055e-16
5476.0 4.95672882e-15
5477.0 6.04489319e-15
5478.0 6.04411865e-15
5479.0 6.04334595e-15
5480.0 6.04257263e-15
5481.0 6.04180115e-15
5482.0 6.04102966e-15
5483.0 6.04025879e-15
5484.0 6.03948914e-15
5485.0 6.0387207e-15
5486.0 6.03795227e-15
5487.0 0.0
5488.0 0.0
5489.0 0.0
5490.0 0.0
5491.0 0.0
5492.0 0.0
5493.0 0.0
5494.0 0.0
5495.0 0.0
5496.0 0.0
5497.0 0.0
5498.0 0.0
5499.0 0.0
5500.0 0.0
5501.0 0.0
5502.0 0.0
5503.0 0.0
5504.0 0.0
5505.0 0.0
5506.0 0.0
5507.0 0.0
5508.0 0.0
5509.0 0.0
5510.0 0.0
5511.0 0.0
5512.0 0.0
5513.0 0.0
5514.0 0.0
5515.0 0.0
5516.0 0.0
5517.0 0.0
5518.0 0.0
5519.0 0.0
5520.0 0.0
5521.0 0.0
5522.0 0.0
5523.0 0.0
5524.0 0.0
5525.0 0.0
5526.0 0.0
5527.0 0.0
5528.0 0.0
5529.0 0.0
5530.0 0.0
5531.0 0.0
5532.0 0.0
5533.0 0.0
5534.0 0.0
5535.0 0.0
5536.0 0.0
5537.0 0.0
5538.0 0.0
5539.0 0.0
5540.0 0.0
5541.0 0.0
5542.0 0.0
5543.0 0.0
5544.0 0.0
5545.0 0.0
5546.0 0.0
5547.0 0.0
5548.0 0.0
5549.0 0.0
5550.0 0.0
5551.0 0.0
5552.0 0.0
5553.0 0.0
5554.0 0.0
5555.0 0.0
5556.0 0.0
5557.0 0.0
5558.0 0.0
5559.0 0.0
5560.0 0.0
5561.0 0.0
5562.0 0.0
5563.0 0.0
5564.0 0.0
5565.0 0.0
5566.0 0.0
5567.0 0.0
5568.0 0.0
5569.0 0.0
5570.0 0.0
5571.0 0.0
5572.0 0.0
5573.0 0.0
5574.0 0.0
5575.0 0.0
5576.0 0.0
5577.0 0.0
5578.0 0.0
5579.0 0.0
5580.0 0.0
5581.0 0.0
5582.0 0.0
5583.0 0.0
5584.0 0.0
5585.0 0.0
5586.0 0.0
5587.0 0.0
5588.0 0.0
5589.0 0.0
5590.0 0.0
5591.0 0.0
5592.0 0.0
5593.0 0.0
5594.0 0.0
5595.0 0.0
5596.0 0.0
5597.0 0.0
5598.0 0.0
5599.0 0.0
5600.0 0.0
5601.0 0.0
5602.0 0.0
5603.0 0.0
5604.0 0.0
5605.0 0.0
5606.0 0.0
5607.0 0.0
5608.0 0.0
5609.0 0.0
5610.0 0.0
5611.0 0.0
5612.0 0.0
5613.0 0.0
5614.0 0.0
5615.0 0.0
5616.0 0.0
5617.0 0.0
5618.0 0.0
5619.0 0.0
5620.0 0.0
5621.0 0.0
5622.0 0.0
5623.0 0.0
5624.0 0.0
5625.0 0.0
5626.0 0.0
5627.0 0.0
5628.0 0.0
5629.0 0.0
5630.0 0.0
5631.0 0.0
5632.0 0.0
5633.0 0.0
5634.0 0.0
5635.0 0.0
5636.0 0.0
5637.0 0.0
5638.0 0.0
5639.0 0.0
5640.0 0.0
5641.0 0.0
5642.0 0.0
5643.0 0.0
5644.0 0.0
5645.0 0.0
5646.0 0.0
5647.0 0.0
5648.0 0.0
5649.0 0.0
5650.0 0.0
5651.0 0.0
5652.0 0.0
5653.0 0.0
5654.0 0.0
5655.0 0.0
5656.0 0.0
5657.0 0.0
5658.0 0.0
5659.0 0.0
5660.0 0.0
5661.0 0.0
5662.0 0.0
5663.0 0.0
5664.0 0.0
5665.0 0.0
5666.0 0.0
5667.0 0.0
5668.0 0.0
5669.0 0.0
5670.0 0.0
5671.0 0.0
5672.0 0.0
5673.0 0.0
5674.0 0.0
5675.0 0.0
5676.0 0.0
5677.0 0.0
5678.0 0.0
5679.0 0.0
5680.0 0.0
5681.0 0.0
5682.0 0.0
5683.0 0.0
5684.0 0.0
5685.0 0.0
5686.0 0.0
5687.0 0.0
5688.0 0.0
5689.0 0.0
5690.0 0.0
5691.0 0.0
5692.0 0.0
5693.0 0.0
5694.0 0.0
5695.0 0.0
5696.0 0.0
5697.0 0.0
5698.0 0.0
5699.0 0.0
5700.0 0.0
5701.0 0.0
5702.0 0.0
5703.0 0.0
5704.0 0.0
5705.0 0.0
5706.0 0.0
5707.0 0.0
5708.0 0.0
5709.0 0.0
5710.0 0.0
5711.0 0.0
5712.0 0.0
5713.0 0.0
5714.0 0.0
5715.0 0.0
5716.0 0.0
5717.0 0.0
5718.0 0.0
5719.0 0.0
5720.0 0.0
5721.0 0.0
5722.0 0.0
5723.0 0.0
5724.0 0.0
5725.0 0.0
5726.0 0.0
5727.0 0.0
5728.0 0.0
5729.0 0.0
5730.0 0.0
5731.0 0.0
5732.0 0.0
5733.0 0.0
5734.0 0.0
5735.0 0.0
5736.0 0.0
5737.0 0.0
5738.0 0.0
5739.0 0.0
5740.0 0.0
5741.0 0.0
5742.0 0.0
5743.0 0.0
5744.0 0.0
5745.0 0.0
5746.0 0.0
5747.0 0.0
5748.0 0.0
5749.0 0.0
5750.0 0.0
5751.0 0.0
5752.0 0.0
5753.0 0.0
5754.0 0.0
5755.0 0.0
5756.0 0.0
5757.0 0.0
5758.0 0.0
5759.0 0.0
5760.0 0.0
5761.0 0.0
5762.0 0.0
5763.0 0.0
5764.0 0.0
5765.0 0.0
5766.0 0.0
5767.0 0.0
5768.0 0.0
5769.0 0.0
5770.0 0.0
5771.0 0.0
5772.0 0.0
5773.0 0.0
5774.0 0.0
5775.0 0.0
5776.0 0.0
5777.0 0.0
5778.0 0.0
5779.0 0.0
5780.0 0.0
5781.0 0.0
5782.0 0.0
5783.0 0.0
5784.0 0.0
5785.0 0.0
5786.0 0.0
5787.0 0.0
5788.0 0.0
5789.0 0.0
5790.0 0.0
5791.0 0.0
5792.0 0.0
5793.0 0.0
5794.0 0.0
5795.0 0.0
5796.0 0.0
5797.0 0.0
5798.0 0.0
5799.0 0.0
5800.0 0.0
5801.0 0.0
5802.0 0.0
5803.0 0.0
5804.0 0.0
5805.0 0.0
5806.0 0.0
5807.0 0.0
5808.0 0.0
5809.0 0.0
5810.0 0.0
5811.0 0.0
5812.0 0.0
5813.0 0.0
5814.0 0.0
5815.0 0.0
5816.0 0.0
5817.0 0.0
5818.0 0.0
5819.0 0.0
5820.0 0.0
5821.0 0.0
5822.0 0.0
5823.0 0.0
5824.0 0.0
5825.0 0.0
5826.0 0.0
5827.0 0.0
5828.0 0.0
5829.0 0.0
5830.0 0.0
5831.0 0.0
5832.0 0.0
5833.0 0.0
5834.0 0.0
5835.0 0.0
5836.0 0.0
5837.0 0.0
5838.0 0.0
5839.0 0.0
5840.0 0.0
5841.0 0.0
5842.0 0.0
5843.0 0.0
5844.0 0.0
5845.0 0.0
5846.0 0.0
5847.0 0.0
5848.0 0.0
5849.0 0.0
5850.0 0.0
5851.0 0.0
5852.0 0.0
5853.0 0.0
5854.0 0.0
5855.0 0.0
5856.0 0.0
5857.0 0.0
5858.0 0.0
5859.0 0.0
5860.0 0.0
5861.0 0.0
5862.0 0.0
5863.0 0.0
5864.0 0.0
5865.0 0.0
5866.0 0.0
5867.0 0.0
5868.0 0.0
5869.0 0.0
5870.0 0.0
5871.0 0.0
5872.0 0.0
5873.0 0.0
5874.0 0.0
5875.0 0.0
5876.0 0.0
5877.0 0.0
5878.0 0.0
5879.0 0.0
5880.0 0.0
5881.0 0.0
5882.0 0.0
5883.0 0.0
5884.0 0.0
5885.0 0.0
5886.0 0.0
5887.0 0.0
5888.0 0.0
5889.0 0.0
5890.0 0.0
5891.0 0.0
5892.0 0.0
5893.0 0.0
5894.0 0.0
5895.0 0.0
5896.0 0.0
5897.0 0.0
5898.0 0.0
5899.0 0.0
5900.0 0.0
5901.0 0.0
5902.0 0.0
5903.0 0.0
5904.0 0.0
5905.0 0.0
5906.0 0.0
5907.0 0.0
5908.0 0.0
5909.0 0.0
5910.0 0.0
5911.0 0.0
5912.0 0.0
5913.0 0.0
5914.0 0.0
5915.0 0.0
5916.0 0.0
5917.0 0.0
5918.0 0.0
5919.0 0.0
5920.0 0.0
5921.0 0.0
5922.0 0.0
5923.0 0.0
5924.0 0.0
5925.0 0.0
5926.0 0.0
5927.0 0.0
5928.0 0.0
5929.0 0.0
5930.0 0.0
5931.0 0.0
5932.0 0.0
5933.0 0.0
5934.0 0.0
5935.0 0.0
5936.0 0.0
5937.0 0.0
5938.0 0.0
5939.0 0.0
5940.0 0.0
5941.0 0.0
5942.0 0.0
5943.0 0.0
5944.0 0.0
5945.0 0.0
5946.0 0.0
5947.0 0.0
5948.0 0.0
5949.0 0.0
5950.0 0.0
5951.0 0.0
5952.0 0.0
5953.0 0.0
5954.0 0.0
5955.0 0.0
5956.0 0.0
5957.0 0.0
5958.0 0.0
5959.0 0.0
5960.0 0.0
5961.0 0.0
5962.0 0.0
5963.0 0.0
5964.0 0.0
5965.0 0.0
5966.0 0.0
5967.0 0.0
5968.0 0.0
5969.0 0.0
5970.0 0.0
5971.0 0.0
5972.0 0.0
5973.0 0.0
5974.0 0.0
5975.0 0.0
5976.0 0.0
5977.0 0.0
5978.0 0.0
5979.0 0.0
5980.0 0.0
5981.0 0.0
5982.0 0.0
5983.0 0.0
5984.0 0.0
5985.0 0.0
5986.0 0.0
5987.0 0.0
5988.0 0.0
5989.0 0.0
5990.0 0.0
5991.0 0.0
5992.0 0.0
5993.0 0.0
5994.0 0.0
5995.0 0.0
5996.0 0.0
5997.0 0.0
5998.0 0.0
5999.0 0.0
6000.0 0.0
6001.0 0.0
6002.0 0.0
6003.0 0.0
6004.0 0.0
6005.0 0.0
6006.0 0.0
6007.0 0.0
6008.0 0.0
6009.0 0.0
6010.0 0.0
6011.0 0.0
6012.0 0.0
6013.0 0.0
6014.0 0.0
6015.0 0.0
6016.0 0.0
6017.0 0.0
6018.0 0.0
6019.0 0.0
6020.0 0.0
6021.0 0.0
6022.0 0.0
6023.0 0.0
6024.0 0.0
6025.0 0.0
6026.0 0.0
6027.0 0.0
6028.0 0.0
6029.0 0.0
6030.0 0.0
6031.0 0.0
6032.0 0.0
6033.0 0.0
6034.0 0.0
6035.0 0.0
6036.0 0.0
6037.0 0.0
6038.0 0.0
6039.0 0.0
6040.0 0.0
6041.0 0.0
6042.0 0.0
6043.0 0.0
6044.0 0.0
6045.0 0.0
6046.0 0.0
6047.0 0.0
6048.0 0.0
6049.0 0.0
6050.0 0.0
6051.0 0.0
6052.0 0.0
6053.0 0.0
6054.0 0.0
6055.0 0.0
6056.0 0.0
6057.0 0.0
6058.0 0.0
6059.0 0.0
6060.0 0.0
6061.0 0.0
6062.0 0.0
6063.0 0.0
6064.0 0.0
6065.0 0.0
6066.0 0.0
6067.0 0.0
6068.0 0.0
6069.0 0.0
6070.0 0.0
6071.0 0.0
6072.0 0.0
6073.0 0.0
6074.0 0.0
6075.0 0.0
6076.0 0.0
6077.0 0.0
6078.0 0.0
6079.0 0.0
6080.0 0.0
6081.0 0.0
6082.0 0.0
6083.0 0.0
6084.0 0.0
6085.0 0.0
6086.0 0.0
6087.0 0.0
6088.0 0.0
6089.0 0.0
6090.0 0.0
6091.0 0.0
6092.0 0.0
6093.0 0.0
6094.0 0.0
6095.0 0.0
6096.0 0.0
6097.0 0.0
6098.0 0.0
6099.0 0.0
6100.0 0.0
6101.0 0.0
6102.0 0.0
6103.0 0.0
6104.0 0.0
6105.0 0.0
6106.0 0.0
6107.0 0.0
6108.0 0.0
6109.0 0.0
6110.0 0.0
6111.0 0.0
6112.0 0.0
6113.0 0.0
6114.0 0.0
6115.0 0.0
6116.0 0.0
6117.0 0.0
6118.0 0.0
6119.0 0.0
6120.0 0.0
6121.0 0.0
6122.0 0.0
6123.0 0.0
6124.0 0.0
6125.0 0.0
6126.0 0.0
6127.0 0.0
6128.0 0.0
6129.0 0.0
6130.0 0.0
6131.0 0.0
6132.0 0.0
6133.0 0.0
6134.0 0.0
6135.0 0.0
6136.0 0.0
6137.0 0.0
6138.0 0.0
6139.0 0.0
6140.0 0.0
6141.0 0.0
6142.0 0.0
6143.0 0.0
6144.0 0.0
6145.0 0.0
6146.0 0.0
6147.0 0.0
6148.0 0.0
6149.0 0.0
6150.0 0.0
6151.0 0.0
6152.0 0.0
6153.0 0.0
6154.0 0.0
6155.0 0.0
6156.0 0.0
6157.0 0.0
6158.0 0.0
6159.0 0.0
6160.0 0.0
6161.0 0.0
6162.0 0.0
6163.0 0.0
6164.0 0.0
6165.0 0.0
6166.0 0.0
6167.0 0.0
6168.0 0.0
6169.0 0.0
6170.0 0.0
6171.0 0.0
6172.0 0.0
6173.0 0.0
6174.0 0.0
6175.0 0.0
6176.0 0.0
6177.0 0.0
6178.0 0.0
6179.0 0.0
6180.0 0.0
6181.0 0.0
6182.0 0.0
6183.0 0.0
6184.0 0.0
6185.0 0.0
6186.0 0.0
6187.0 0.0
6188.0 0.0
6189.0 0.0
6190.0 0.0
6191.0 0.0
6192.0 0.0
6193.0 0.0
6194.0 0.0
6195.0 0.0
6196.0 0.0
6197.0 0.0
6198.0 0.0
6199.0 0.0
6200.0 0.0
6201.0 0.0
6202.0 0.0
6203.0 0.0
6204.0 0.0
6205.0 0.0
6206.0 0.0
6207.0 0.0
6208.0 0.0
6209.0 0.0
6210.0 0.0
6211.0 0.0
6212.0 0.0
6213.0 0.0
6214.0 0.0
6215.0 0.0
6216.0 0.0
6217.0 0.0
6218.0 0.0
6219.0 0.0
6220.0 0.0
6221.0 0.0
6222.0 0.0
6223.0 0.0
6224.0 0.0
6225.0 0.0
6226.0 0.0
6227.0 0.0
6228.0 0.0
6229.0 0.0
6230.0 0.0
6231.0 0.0
6232.0 0.0
6233.0 0.0
6234.0 0.0
6235.0 0.0
6236.0 0.0
6237.0 0.0
6238.0 0.0
6239.0 0.0
6240.0 0.0
6241.0 0.0
6242.0 0.0
6243.0 0.0
6244.0 0.0
6245.0 0.0
6246.0 0.0
6247.0 0.0
6248.0 0.0
6249.0 0.0
6250.0 0.0
6251.0 0.0
6252.0 0.0
6253.0 0.0
6254.0 0.0
6255.0 0.0
6256.0 0.0
6257.0 0.0
6258.0 0.0
6259.0 0.0
6260.0 0.0
6261.0 0.0
6262.0 0.0
6263.0 0.0
6264.0 0.0
6265.0 0.0
6266.0 0.0
6267.0 0.0
6268.0 0.0
6269.0 0.0
6270.0 0.0
6271.0 0.0
6272.0 0.0
6273.0 0.0
6274.0 0.0
6275.0 0.0
6276.0 0.0
6277.0 0.0
6278.0 0.0
6279.0 0.0
6280.0 0.0
6281.0 0.0
6282.0 0.0
6283.0 0.0
6284.0 0.0
6285.0 0.0
6286.0 0.0
6287.0 0.0
6288.0 0.0
6289.0 0.0
6290.0 0.0
6291.0 0.0
6292.0 0.0
6293.0 0.0
6294.0 0.0
6295.0 0.0
6296.0 0.0
6297.0 0.0
6298.0 0.0
6299.0 0.0
6300.0 0.0
6301.0 0.0
6302.0 0.0
6303.0 0.0
6304.0 0.0
6305.0 0.0
6306.0 0.0
6307.0 0.0
6308.0 0.0
6309.0 0.0
6310.0 0.0
6311.0 0.0
6312.0 0.0
6313.0 0.0
6314.0 0.0
6315.0 0.0
6316.0 0.0
6317.0 0.0
6318.0 0.0
6319.0 0.0
6320.0 0.0
6321.0 0.0
6322.0 0.0
6323.0 0.0
6324.0 0.0
6325.0 0.0
6326.0 0.0
6327.0 0.0
6328.0 0.0
6329.0 0.0
6330.0 0.0
6331.0 0.0
6332.0 0.0
6333.0 0.0
6334.0 0.0
6335.0 0.0
6336.0 0.0
6337.0 0.0
6338.0 0.0
6339.0 0.0
6340.0 0.0
6341.0 0.0
6342.0 0.0
6343.0 0.0
6344.0 0.0
6345.0 0.0
6346.0 0.0
6347.0 0.0
6348.0 0.0
6349.0 0.0
6350.0 0.0
6351.0 0.0
6352.0 0.0
6353.0 0.0
6354.0 0.0
6355.0 0.0
6356.0 0.0
6357.0 0.0
6358.0 0.0
6359.0 0.0
6360.0 0.0
6361.0 0.0
6362.0 0.0
6363.0 0.0
6364.0 0.0
6365.0 0.0
6366.0 0.0
6367.0 0.0
6368.0 0.0
6369.0 0.0
6370.0 0.0
6371.0 0.0
6372.0 0.0
6373.0 0.0
6374.0 0.0
6375.0 0.0
6376.0 0.0
6377.0 0.0
6378.0 0.0
6379.0 0.0
6380.0 0.0
6381.0 0.0
6382.0 0.0
6383.0 0.0
6384.0 0.0
6385.0 0.0
6386.0 0.0
6387.0 0.0
6388.0 0.0
6389.0 0.0
6390.0 0.0
6391.0 0.0
6392.0 0.0
6393.0 0.0
6394.0 0.0
6395.0 0.0
6396.0 0.0
6397.0 0.0
6398.0 0.0
6399.0 0.0
6400.0 0.0
6401.0 0.0
6402.0 0.0
6403.0 0.0
6404.0 0.0
6405.0 0.0
6406.0 0.0
6407.0 0.0
6408.0 0.0
6409.0 0.0
6410.0 0.0
6411.0 0.0
6412.0 0.0
6413.0 0.0
6414.0 0.0
6415.0 0.0
6416.0 0.0
6417.0 0.0
6418.0 0.0
6419.0 0.0
6420.0 0.0
6421.0 0.0
6422.0 0.0
6423.0 0.0
6424.0 0.0
6425.0 0.0
6426.0 0.0
6427.0 0.0
6428.0 0.0
6429.0 0.0
6430.0 0.0
6431.0 0.0
6432.0 0.0
6433.0 0.0
6434.0 0.0
6435.0 0.0
6436.0 0.0
6437.0 0.0
6438.0 0.0
6439.0 0.0
6440.0 0.0
6441.0 0.0
6442.0 0.0
6443.0 0.0
6444.0 0.0
6445.0 0.0
6446.0 0.0
6447.0 0.0
6448.0 0.0
6449.0 0.0
6450.0 0.0
6451.0 0.0
6452.0 0.0
6453.0 0.0
6454.0 0.0
6455.0 0.0
6456.0 0.0
6457.0 0.0
6458.0 0.0
6459.0 0.0
6460.0 0.0
6461.0 0.0
6462.0 0.0
6463.0 0.0
6464.0 0.0
6465.0 0.0
6466.0 0.0
6467.0 0.0
6468.0 0.0
6469.0 0.0
6470.0 0.0
6471.0 0.0
6472.0 0.0
6473.0 0.0
6474.0 0.0
6475.0 0.0
6476.0 0.0
6477.0 0.0
6478.0 0.0
6479.0 0.0
6480.0 0.0
6481.0 0.0
6482.0 0.0
6483.0 0.0
6484.0 0.0
6485.0 0.0
6486.0 0.0
6487.0 0.0
6488.0 0.0
6489.0 0.0
6490.0 0.0
6491.0 0.0
6492.0 0.0
6493.0 0.0
6494.0 0.0
6495.0 0.0
6496.0 0.0
6497.0 0.0
6498.0 0.0
6499.0 0.0
6500.0 0.0
6501.0 0.0
6502.0 0.0
6503.0 0.0
6504.0 0.0
6505.0 0.0
6506.0 0.0
6507.0 0.0
6508.0 0.0
6509.0 0.0
6510.0 0.0
6511.0 0.0
6512.0 0.0
6513.0 0.0
6514.0 0.0
6515.0 0.0
6516.0 0.0
6517.0 0.0
6518.0 0.0
6519.0 0.0
6520.0 0.0
6521.0 0.0
6522.0 0.0
6523.0 0.0
6524.0 0.0
6525.0 0.0
6526.0 0.0
6527.0 0.0
6528.0 0.0
6529.0 0.0
6530.0 0.0
6531.0 0.0
6532.0 0.0
6533.0 0.0
6534.0 0.0
6535.0 0.0
6536.0 0.0
6537.0 0.0
6538.0 0.0
6539.0 0.0
6540.0 0.0
6541.0 0.0
6542.0 0.0
6543.0 0.0
6544.0 0.0
6545.0 0.0
6546.0 0.0
6547.0 0.0
6548.0 0.0
6549.0 0.0
6550.0 0.0
6551.0 0.0
6552.0 0.0
6553.0 0.0
6554.0 0.0
6555.0 0.0
6556.0 0.0
6557.0 0.0
6558.0 0.0
6559.0 0.0
6560.0 0.0
6561.0 0.0
6562.0 0.0
6563.0 0.0
6564.0 0.0
6565.0 0.0
6566.0 0.0
6567.0 0.0
6568.0 0.0
6569.0 0.0
6570.0 0.0
6571.0 0.0
6572.0 0.0
6573.0 0.0
6574.0 0.0
6575.0 0.0
6576.0 0.0
6577.0 0.0
6578.0 0.0
6579.0 0.0
6580.0 0.0
6581.0 0.0
6582.0 0.0
6583.0 0.0
6584.0 0.0
6585.0 0.0
6586.0 0.0
6587.0 0.0
6588.0 0.0
6589.0 0.0
6590.0 0.0
6591.0 0.0
6592.0 0.0
6593.0 0.0
6594.0 0.0
6595.0 0.0
6596.0 0.0
6597.0 0.0
6598.0 0.0
6599.0 0.0
6600.0 0.0
6601.0 0.0
6602.0 0.0
6603.0 0.0
6604.0 0.0
6605.0 0.0
6606.0 0.0
6607.0 0.0
6608.0 0.0
6609.0 0.0
6610.0 0.0
6611.0 0.0
6612.0 0.0
6613.0 0.0
6614.0 0.0
6615.0 0.0
6616.0 0.0
6617.0 0.0
6618.0 0.0
6619.0 0.0
6620.0 0.0
6621.0 0.0
6622.0 0.0
6623.0 0.0
6624.0 0.0
6625.0 0.0
6626.0 0.0
6627.0 0.0
6628.0 0.0
6629.0 0.0
6630.0 0.0
6631.0 0.0
6632.0 0.0
6633.0 0.0
6634.0 0.0
6635.0 0.0
6636.0 0.0
6637.0 0.0
6638.0 0.0
6639.0 0.0
6640.0 0.0
6641.0 0.0
6642.0 0.0
6643.0 0.0
6644.0 0.0
6645.0 0.0
6646.0 0.0
6647.0 0.0
6648.0 0.0
6649.0 0.0
6650.0 0.0
6651.0 0.0
6652.0 0.0
6653.0 0.0
6654.0 0.0
6655.0 0.0
6656.0 0.0
6657.0 0.0
6658.0 0.0
6659.0 0.0
6660.0 0.0
6661.0 0.0
6662.0 0.0
6663.0 0.0
6664.0 0.0
6665.0 0.0
6666.0 0.0
6667.0 0.0
6668.0 0.0
6669.0 0.0
6670.0 0.0
6671.0 0.0
6672.0 0.0
6673.0 0.0
6674.0 0.0
6675.0 0.0
6676.0 0.0
6677.0 0.0
6678.0 0.0
6679.0 0.0
6680.0 0.0
6681.0 0.0
6682.0 0.0
6683.0 0.0
6684.0 0.0
6685.0 0.0
6686.0 0.0
6687.0 0.0
6688.0 0.0
6689.0 0.0
6690.0 0.0
6691.0 0.0
6692.0 0.0
6693.0 0.0
6694.0 0.0
6695.0 0.0
6696.0 0.0
6697.0 0.0
6698.0 0.0
6699.0 0.0
6700.0 0.0
6701.0 0.0
6702.0 0.0
6703.0 0.0
6704.0 0.0
6705.0 0.0
6706.0 0.0
6707.0 0.0
6708.0 0.0
6709.0 0.0
6710.0 0.0
6711.0 0.0
6712.0 0.0
6713.0 0.0
6714.0 0.0
6715.0 0.0
6716.0 0.0
6717.0 0.0
6718.0 0.0
6719.0 0.0
6720.0 0.0
6721.0 0.0
6722.0 0.0
6723.0 0.0
6724.0 0.0
6725.0 0.0
6726.0 0.0
6727.0 0.0
6728.0 0.0
6729.0 0.0
6730.0 0.0
6731.0 0.0
6732.0 0.0
6733.0 0.0
6734.0 0.0
6735.0 0.0
6736.0 0.0
6737.0 0.0
6738.0 0.0
6739.0 0.0
6740.0 0.0
6741.0 0.0
6742.0 0.0
6743.0 0.0
6744.0 0.0
6745.0 0.0
6746.0 0.0
6747.0 0.0
6748.0 0.0
6749.0 0.0
6750.0 0.0
6751.0 0.0
6752.0 0.0
6753.0 0.0
6754.0 0.0
6755.0 0.0
6756.0 0.0
6757.0 0.0
6758.0 0.0
6759.0 0.0
6760.0 0.0
6761.0 0.0
6762.0 0.0
6763.0 0.0
6764.0 0.0
6765.0 0.0
6766.0 0.0
6767.0 0.0
6768.0 0.0
6769.0 0.0
6770.0 0.0
6771.0 0.0
6772.0 0.0
6773.0 0.0
6774.0 0.0
6775.0 0.0
6776.0 0.0
6777.0 0.0
6778.0 0.0
6779.0 0.0
6780.0 0.0
6781.0 0.0
6782.0 0.0
6783.0 0.0
6784.0 0.0
6785.0 0.0
6786.0 0.0
6787.0 0.0
6788.0 0.0
6789.0 0.0
6790.0 0.0
6791.0 0.0
6792.0 0.0
6793.0 0.0
6794.0 0.0
6795.0 0.0
6796.0 0.0
6797.0 0.0
6798.0 0.0
6799.0 0.0
6800.0 0.0
6801.0 0.0
6802.0 0.0
6803.0 0.0
6804.0 0.0
6805.0 0.0
6806.0 0.0
6807.0 0.0
6808.0 0.0
6809.0 0.0
6810.0 0.0
6811.0 0.0
6812.0 0.0
6813.0 0.0
6814.0 0.0
6815.0 0.0
6816.0 0.0
6817.0 0.0
6818.0 0.0
6819.0 0.0
6820.0 0.0
6821.0 0.0
6822.0 0.0
6823.0 0.0
6824.0 0.0
6825.0 0.0
6826.0 0.0
6827.0 0.0
6828.0 0.0
6829.0 0.0
6830.0 0.0
6831.0 0.0
6832.0 0.0
6833.0 0.0
6834.0 0.0
6835.0 0.0
6836.0 0.0
6837.0 0.0
6838.0 0.0
6839.0 0.0
6840.0 0.0
6841.0 0.0
6842.0 0.0
6843.0 0.0
6844.0 0.0
6845.0 0.0
6846.0 0.0
6847.0 0.0
6848.0 0.0
6849.0 0.0
6850.0 0.0
6851.0 0.0
6852.0 0.0
6853.0 0.0
6854.0 0.0
6855.0 0.0
6856.0 0.0
6857.0 0.0
6858.0 0.0
6859.0 0.0
6860.0 0.0
6861.0 0.0
6862.0 0.0
6863.0 0.0
6864.0 0.0
6865.0 0.0
6866.0 0.0
6867.0 0.0
6868.0 0.0
6869.0 0.0
6870.0 0.0
6871.0 0.0
6872.0 0.0
6873.0 0.0
6874.0 0.0
6875.0 0.0
6876.0 0.0
6877.0 0.0
6878.0 0.0
6879.0 0.0
6880.0 0.0
6881.0 0.0
6882.0 0.0
6883.0 0.0
6884.0 0.0
6885.0 0.0
6886.0 0.0
6887.0 0.0
6888.0 0.0
6889.0 0.0
6890.0 0.0
6891.0 0.0
6892.0 0.0
6893.0 0.0
6894.0 0.0
6895.0 0.0
6896.0 0.0
6897.0 0.0
6898.0 0.0
6899.0 0.0
6900.0 0.0
6901.0 0.0
6902.0 0.0
6903.0 0.0
6904.0 0.0
6905.0 0.0
6906.0 0.0
6907.0 0.0
6908.0 0.0
6909.0 0.0
6910.0 0.0
6911.0 0.0
6912.0 0.0
6913.0 0.0
6914.0 0.0
6915.0 0.0
6916.0 0.0
6917.0 0.0
6918.0 0.0
6919.0 0.0
6920.0 0.0
6921.0 0.0
6922.0 0.0
6923.0 0.0
6924.0 0.0
6925.0 0.0
6926.0 0.0
6927.0 0.0
6928.0 0.0
6929.0 0.0
6930.0 0.0
6931.0 0.0
6932.0 0.0
6933.0 0.0
6934.0 0.0
6935.0 0.0
6936.0 0.0
6937.0 0.0
6938.0 0.0
6939.0 0.0
6940.0 0.0
6941.0 0.0
6942.0 0.0
6943.0 0.0
6944.0 0.0
6945.0 0.0
6946.0 0.0
6947.0 0.0
6948.0 0.0
6949.0 0.0
6950.0 0.0
6951.0 0.0
6952.0 0.0
6953.0 0.0
6954.0 0.0
6955.0 0.0
6956.0 0.0
6957.0 0.0
6958.0 0.0
6959.0 0.0
6960.0 0.0
6961.0 0.0
6962.0 0.0
6963.0 0.0
6964.0 0.0
6965.0 0.0
6966.0 0.0
6967.0 0.0
6968.0 0.0
6969.0 0.0
6970.0 0.0
6971.0 0.0
6972.0 0.0
6973.0 0.0
6974.0 0.0
6975.0 0.0
6976.0 0.0
6977.0 0.0
6978.0 0.0
6979.0 0.0
6980.0 0.0
6981.0 0.0
6982.0 0.0
6983.0 0.0
6984.0 0.0
6985.0 0.0
6986.0 0.0
6987.0 0.0
6988.0 0.0
6989.0 0.0
6990.0 0.0
6991.0 0.0
6992.0 0.0
6993.0 0.0
6994.0 0.0
6995.0 0.0
6996.0 0.0
6997.0 0.0
6998.0 0.0
6999.0 0.0
7000.0 0.0
7001.0 0.0
7002.0 0.0
7003.0 0.0
7004.0 0.0
7005.0 0.0
7006.0 0.0
7007.0 0.0
7008.0 0.0
7009.0 0.0
7010.0 0.0
7011.0 0.0
7012.0 0.0
7013.0 0.0
7014.0 0.0
7015.0 0.0
7016.0 0.0
7017.0 0.0
7018.0 0.0
7019.0 0.0
7020.0 0.0
7021.0 0.0
7022.0 0.0
7023.0 0.0
7024.0 0.0
7025.0 0.0
7026.0 0.0
7027.0 0.0
7028.0 0.0
7029.0 0.0
7030.0 0.0
7031.0 0.0
7032.0 0.0
7033.0 0.0
7034.0 0.0
7035.0 0.0
7036.0 0.0
7037.0 0.0
7038.0 0.0
7039.0 0.0
7040.0 0.0
7041.0 0.0
7042.0 0.0
7043.0 0.0
7044.0 0.0
7045.0 0.0
7046.0 0.0
7047.0 0.0
7048.0 0.0
7049.0 0.0
7050.0 0.0
7051.0 0.0
7052.0 0.0
7053.0 0.0
7054.0 0.0
7055.0 0.0
7056.0 0.0
7057.0 0.0
7058.0 0.0
7059.0 0.0
7060.0 0.0
7061.0 0.0
7062.0 0.0
7063.0 0.0
7064.0 0.0
7065.0 0.0
7066.0 0.0
7067.0 0.0
7068.0 0.0
7069.0 0.0
7070.0 0.0
7071.0 0.0
7072.0 0.0
7073.0 0.0
7074.0 0.0
7075.0 0.0
7076.0 0.0
7077.0 0.0
7078.0 0.0
7079.0 0.0
7080.0 0.0
7081.0 0.0
7082.0 0.0
7083.0 0.0
7084.0 0.0
7085.0 0.0
7086.0 0.0
7087.0 0.0
7088.0 0.0
7089.0 0.0
7090.0 0.0
7091.0 0.0
7092.0 0.0
7093.0 0.0
7094.0 0.0
7095.0 0.0
7096.0 0.0
7097.0 0.0
7098.0 0.0
7099.0 0.0
7100.0 0.0
7101.0 0.0
7102.0 0.0
7103.0 0.0
7104.0 0.0
7105.0 0.0
7106.0 0.0
7107.0 0.0
7108.0 0.0
7109.0 0.0
7110.0 0.0
7111.0 0.0
7112.0 0.0
7113.0 0.0
7114.0 0.0
7115.0 0.0
7116.0 0.0
7117.0 0.0
7118.0 0.0
7119.0 0.0
7120.0 0.0
7121.0 0.0
7122.0 0.0
7123.0 0.0
7124.0 0.0
7125.0 0.0
7126.0 0.0
7127.0 0.0
7128.0 0.0
7129.0 0.0
7130.0 0.0
7131.0 0.0
7132.0 0.0
7133.0 0.0
7134.0 0.0
7135.0 0.0
7136.0 0.0
7137.0 0.0
7138.0 0.0
7139.0 0.0
7140.0 0.0
7141.0 0.0
7142.0 0.0
7143.0 0.0
7144.0 0.0
7145.0 0.0
7146.0 0.0
7147.0 0.0
7148.0 0.0
7149.0 0.0
7150.0 0.0
7151.0 0.0
7152.0 0.0
7153.0 0.0
7154.0 0.0
7155.0 0.0
7156.0 0.0
7157.0 0.0
7158.0 0.0
7159.0 0.0
7160.0 0.0
7161.0 0.0
7162.0 0.0
7163.0 0.0
7164.0 0.0
7165.0 0.0
7166.0 0.0
7167.0 0.0
7168.0 0.0
7169.0 0.0
7170.0 0.0
7171.0 0.0
7172.0 0.0
7173.0 0.0
7174.0 0.0
7175.0 0.0
7176.0 0.0
7177.0 0.0
7178.0 0.0
7179.0 0.0
7180.0 0.0
7181.0 0.0
7182.0 0.0
7183.0 0.0
7184.0 0.0
7185.0 0.0
7186.0 0.0
7187.0 0.0
7188.0 0.0
7189.0 0.0
7190.0 0.0
7191.0 0.0
7192.0 0.0
7193.0 0.0
7194.0 0.0
7195.0 0.0
7196.0 0.0
7197.0 0.0
7198.0 0.0
7199.0 0.0
7200.0 0.0
7201.0 0.0
7202.0 0.0
7203.0 0.0
7204.0 0.0
7205.0 0.0
7206.0 0.0
7207.0 0.0
7208.0 0.0
7209.0 0.0
7210.0 0.0
7211.0 0.0
7212.0 0.0
7213.0 0.0
7214.0 0.0
7215.0 0.0
7216.0 0.0
7217.0 0.0
7218.0 0.0
7219.0 0.0
7220.0 0.0
7221.0 0.0
7222.0 0.0
7223.0 0.0
7224.0 0.0
7225.0 0.0
7226.0 0.0
7227.0 0.0
7228.0 0.0
7229.0 0.0
7230.0 0.0
7231.0 0.0
7232.0 0.0
7233.0 0.0
7234.0 0.0
7235.0 0.0
7236.0 0.0
7237.0 0.0
7238.0 0.0
7239.0 0.0
7240.0 0.0
7241.0 0.0
7242.0 0.0
7243.0 0.0
7244.0 0.0
7245.0 0.0
7246.0 0.0
7247.0 0.0
7248.0 0.0
7249.0 0.0
7250.0 0.0
7251.0 0.0
7252.0 0.0
7253.0 0.0
7254.0 0.0
7255.0 0.0
7256.0 0.0
7257.0 0.0
7258.0 0.0
7259.0 0.0
7260.0 0.0
7261.0 0.0
7262.0 0.0
7263.0 0.0
7264.0 0.0
7265.0 0.0
7266.0 0.0
7267.0 0.0
7268.0 0.0
7269.0 0.0
7270.0 0.0
7271.0 0.0
7272.0 0.0
7273.0 0.0
7274.0 0.0
7275.0 0.0
7276.0 0.0
7277.0 0.0
7278.0 0.0
7279.0 0.0
7280.0 0.0
7281.0 0.0
7282.0 0.0
7283.0 0.0
7284.0 0.0
7285.0 0.0
7286.0 0.0
7287.0 0.0
7288.0 0.0
7289.0 0.0
7290.0 0.0
7291.0 0.0
7292.0 0.0
7293.0 0.0
7294.0 0.0
7295.0 0.0
7296.0 0.0
7297.0 0.0
7298.0 0.0
7299.0 0.0
7300.0 0.0
7301.0 0.0
7302.0 0.0
7303.0 0.0
7304.0 0.0
7305.0 0.0
7306.0 0.0
7307.0 0.0
7308.0 0.0
7309.0 0.0
7310.0 0.0
7311.0 0.0
7312.0 0.0
7313.0 0.0
7314.0 0.0
7315.0 0.0
7316.0 0.0
7317.0 0.0
7318.0 0.0
7319.0 0.0
7320.0 0.0
7321.0 0.0
7322.0 0.0
7323.0 0.0
7324.0 0.0
7325.0 0.0
7326.0 0.0
7327.0 0.0
7328.0 0.0
7329.0 0.0
7330.0 0.0
7331.0 0.0
7332.0 0.0
7333.0 0.0
7334.0 0.0
7335.0 0.0
7336.0 0.0
7337.0 0.0
7338.0 0.0
7339.0 0.0
7340.0 0.0
7341.0 0.0
7342.0 0.0
7343.0 0.0
7344.0 0.0
7345.0 0.0
7346.0 0.0
7347.0 0.0
7348.0 0.0
7349.0 0.0
7350.0 0.0
7351.0 0.0
7352.0 0.0
7353.0 0.0
7354.0 0.0
7355.0 0.0
7356.0 0.0
7357.0 0.0
7358.0 0.0
7359.0 0.0
7360.0 0.0
7361.0 0.0
7362.0 0.0
7363.0 0.0
7364.0 0.0
7365.0 0.0
7366.0 0.0
7367.0 0.0
7368.0 0.0
7369.0 0.0
7370.0 0.0
7371.0 0.0
7372.0 0.0
7373.0 0.0
7374.0 0.0
7375.0 0.0
7376.0 0.0
7377.0 0.0
7378.0 0.0
7379.0 0.0
7380.0 0.0
7381.0 0.0
7382.0 0.0
7383.0 0.0
7384.0 0.0
7385.0 0.0
7386.0 0.0
7387.0 0.0
7388.0 0.0
7389.0 0.0
7390.0 0.0
7391.0 0.0
7392.0 0.0
7393.0 0.0
7394.0 0.0
7395.0 0.0
7396.0 0.0
7397.0 0.0
7398.0 0.0
7399.0 0.0
7400.0 0.0
7401.0 0.0
7402.0 0.0
7403.0 0.0
7404.0 0.0
7405.0 0.0
7406.0 0.0
7407.0 0.0
7408.0 0.0
7409.0 0.0
7410.0 0.0
7411.0 0.0
7412.0 0.0
7413.0 0.0
7414.0 0.0
7415.0 0.0
7416.0 0.0
7417.0 0.0
7418.0 0.0
7419.0 0.0
7420.0 0.0
7421.0 0.0
7422.0 0.0
7423.0 0.0
7424.0 0.0
7425.0 0.0
7426.0 0.0
7427.0 0.0
7428.0 0.0
7429.0 0.0
7430.0 0.0
7431.0 0.0
7432.0 0.0
7433.0 0.0
7434.0 0.0
7435.0 0.0
7436.0 0.0
7437.0 0.0
7438.0 0.0
7439.0 0.0
7440.0 0.0
7441.0 0.0
7442.0 0.0
7443.0 0.0
7444.0 0.0
7445.0 0.0
7446.0 0.0
7447.0 0.0
7448.0 0.0
7449.0 0.0
7450.0 0.0
7451.0 0.0
7452.0 0.0
7453.0 0.0
7454.0 0.0
7455.0 0.0
7456.0 0.0
7457.0 0.0
7458.0 0.0
7459.0 0.0
7460.0 0.0
7461.0 0.0
7462.0 0.0
7463.0 0.0
7464.0 0.0
7465.0 0.0
7466.0 0.0
7467.0 0.0
7468.0 0.0
7469.0 0.0
7470.0 0.0
7471.0 0.0
7472.0 0.0
7473.0 0.0
7474.0 0.0
7475.0 0.0
7476.0 0.0
7477.0 0.0
7478.0 0.0
7479.0 0.0
7480.0 0.0
7481.0 0.0
7482.0 0.0
7483.0 0.0
7484.0 0.0
7485.0 0.0
7486.0 0.0
7487.0 0.0
7488.0 0.0
7489.0 0.0
7490.0 0.0
7491.0 0.0
7492.0 0.0
7493.0 0.0
7494.0 0.0
7495.0 0.0
7496.0 0.0
7497.0 0.0
7498.0 0.0
7499.0 0.0
7500.0 0.0
7501.0 0.0
7502.0 0.0
7503.0 0.0
7504.0 0.0
7505.0 0.0
7506.0 0.0
7507.0 0.0
7508.0 0.0
7509.0 0.0
7510.0 0.0
7511.0 0.0
7512.0 0.0
7513.0 0.0
7514.0 0.0
7515.0 0.0
7516.0 0.0
7517.0 0.0
7518.0 0.0
7519.0 0.0
7520.0 0.0
7521.0 0.0
7522.0 0.0
7523.0 0.0
7524.0 0.0
7525.0 0.0
7526.0 0.0
7527.0 0.0
7528.0 0.0
7529.0 0.0
7530.0 0.0
7531.0 0.0
7532.0 0.0
7533.0 0.0
7534.0 0.0
7535.0 0.0
7536.0 0.0
7537.0 0.0
7538.0 0.0
7539.0 0.0
7540.0 0.0
7541.0 0.0
7542.0 0.0
7543.0 0.0
7544.0 0.0
7545.0 0.0
7546.0 0.0
7547.0 0.0
7548.0 0.0
7549.0 0.0
7550.0 0.0
7551.0 0.0
7552.0 0.0
7553.0 0.0
7554.0 0.0
7555.0 0.0
7556.0 0.0
7557.0 0.0
7558.0 0.0
7559.0 0.0
7560.0 0.0
7561.0 0.0
7562.0 0.0
7563.0 0.0
7564.0 0.0
7565.0 0.0
7566.0 0.0
7567.0 0.0
7568.0 0.0
7569.0 0.0
7570.0 0.0
7571.0 0.0
7572.0 0.0
7573.0 0.0
7574.0 0.0
7575.0 0.0
7576.0 0.0
7577.0 0.0
7578.0 0.0
7579.0 0.0
7580.0 0.0
7581.0 0.0
7582.0 0.0
7583.0 0.0
7584.0 0.0
7585.0 0.0
7586.0 0.0
7587.0 0.0
7588.0 0.0
7589.0 0.0
7590.0 0.0
7591.0 0.0
7592.0 0.0
7593.0 0.0
7594.0 0.0
7595.0 0.0
7596.0 0.0
7597.0 0.0
7598.0 0.0
7599.0 0.0
7600.0 0.0
7601.0 0.0
7602.0 0.0
7603.0 0.0
7604.0 0.0
7605.0 0.0
7606.0 0.0
7607.0 0.0
7608.0 0.0
7609.0 0.0
7610.0 0.0
7611.0 0.0
7612.0 0.0
7613.0 0.0
7614.0 0.0
7615.0 0.0
7616.0 0.0
7617.0 0.0
7618.0 0.0
7619.0 0.0
7620.0 0.0
7621.0 0.0
7622.0 0.0
7623.0 0.0
7624.0 0.0
7625.0 0.0
7626.0 0.0
7627.0 0.0
7628.0 0.0
7629.0 0.0
7630.0 0.0
7631.0 0.0
7632.0 0.0
7633.0 0.0
7634.0 0.0
7635.0 0.0
7636.0 0.0
7637.0 0.0
7638.0 0.0
7639.0 0.0
7640.0 0.0
7641.0 0.0
7642.0 0.0
7643.0 0.0
7644.0 0.0
7645.0 0.0
7646.0 0.0
7647.0 0.0
7648.0 0.0
7649.0 0.0
7650.0 0.0
7651.0 0.0
7652.0 0.0
7653.0 0.0
7654.0 0.0
7655.0 0.0
7656.0 0.0
7657.0 0.0
7658.0 0.0
7659.0 0.0
7660.0 0.0
7661.0 0.0
7662.0 0.0
7663.0 0.0
7664.0 0.0
7665.0 0.0
7666.0 0.0
7667.0 0.0
7668.0 0.0
7669.0 0.0
7670.0 0.0
7671.0 0.0
7672.0 0.0
7673.0 0.0
7674.0 0.0
7675.0 0.0
7676.0 0.0
7677.0 0.0
7678.0 0.0
7679.0 0.0
7680.0 0.0
7681.0 0.0
7682.0 0.0
7683.0 0.0
7684.0 0.0
7685.0 0.0
7686.0 0.0
7687.0 0.0
7688.0 0.0
7689.0 0.0
7690.0 0.0
7691.0 0.0
7692.0 0.0
7693.0 0.0
7694.0 0.0
7695.0 0.0
7696.0 0.0
7697.0 0.0
7698.0 0.0
7699.0 0.0
7700.0 0.0
7701.0 0.0
7702.0 0.0
7703.0 0.0
7704.0 0.0
7705.0 0.0
7706.0 0.0
7707.0 0.0
7708.0 0.0
7709.0 0.0
7710.0 0.0
7711.0 0.0
7712.0 0.0
7713.0 0.0
7714.0 0.0
7715.0 0.0
7716.0 0.0
7717.0 0.0
7718.0 0.0
7719.0 0.0
7720.0 0.0
7721.0 0.0
7722.0 0.0
7723.0 0.0
7724.0 0.0
7725.0 0.0
7726.0 0.0
7727.0 0.0
7728.0 0.0
7729.0 0.0
7730.0 0.0
7731.0 0.0
7732.0 0.0
7733.0 0.0
7734.0 0.0
7735.0 0.0
7736.0 0.0
7737.0 0.0
7738.0 0.0
7739.0 0.0
7740.0 0.0
7741.0 0.0
7742.0 0.0
7743.0 0.0
7744.0 0.0
7745.0 0.0
7746.0 0.0
7747.0 0.0
7748.0 0.0
7749.0 0.0
7750.0 0.0
7751.0 0.0
7752.0 0.0
7753.0 0.0
7754.0 0.0
7755.0 0.0
7756.0 0.0
7757.0 0.0
7758.0 0.0
7759.0 0.0
7760.0 0.0
7761.0 0.0
7762.0 0.0
7763.0 0.0
7764.0 0.0
7765.0 0.0
7766.0 0.0
7767.0 0.0
7768.0 0.0
7769.0 0.0
7770.0 0.0
7771.0 0.0
7772.0 0.0
7773.0 0.0
7774.0 0.0
7775.0 0.0
7776.0 0.0
7777.0 0.0
7778.0 0.0
7779.0 0.0
7780.0 0.0
7781.0 0.0
7782.0 0.0
7783.0 0.0
7784.0 0.0
7785.0 0.0
7786.0 0.0
7787.0 0.0
7788.0 0.0
7789.0 0.0
7790.0 0.0
7791.0 0.0
7792.0 0.0
7793.0 0.0
7794.0 0.0
7795.0 0.0
7796.0 0.0
7797.0 0.0
7798.0 0.0
7799.0 0.0
7800.0 0.0
7801.0 0.0
7802.0 0.0
7803.0 0.0
7804.0 0.0
7805.0 0.0
7806.0 0.0
7807.0 0.0
7808.0 0.0
7809.0 0.0
7810.0 0.0
7811.0 0.0
7812.0 0.0
7813.0 0.0
7814.0 0.0
7815.0 0.0
7816.0 0.0
7817.0 0.0
7818.0 0.0
7819.0 0.0
7820.0 0.0
7821.0 0.0
7822.0 0.0
7823.0 0.0
7824.0 0.0
7825.0 0.0
7826.0 0.0
7827.0 0.0
7828.0 0.0
7829.0 0.0
7830.0 0.0
7831.0 0.0
7832.0 0.0
7833.0 0.0
7834.0 0.0
7835.0 0.0
7836.0 0.0
7837.0 0.0
7838.0 0.0
7839.0 0.0
7840.0 0.0
7841.0 0.0
7842.0 0.0
7843.0 0.0
7844.0 0.0
7845.0 0.0
7846.0 0.0
7847.0 0.0
7848.0 0.0
7849.0 0.0
7850.0 0.0
7851.0 0.0
7852.0 0.0
7853.0 0.0
7854.0 0.0
7855.0 0.0
7856.0 0.0
7857.0 0.0
7858.0 0.0
7859.0 0.0
7860.0 0.0
7861.0 0.0
7862.0 0.0
7863.0 0.0
7864.0 0.0
7865.0 0.0
7866.0 0.0
7867.0 0.0
7868.0 0.0
7869.0 0.0
7870.0 0.0
7871.0 0.0
7872.0 0.0
7873.0 0.0
7874.0 0.0
7875.0 0.0
7876.0 0.0
7877.0 0.0
7878.0 0.0
7879.0 0.0
7880.0 0.0
7881.0 0.0
7882.0 0.0
7883.0 0.0
7884.0 0.0
7885.0 0.0
7886.0 0.0
7887.0 0.0
7888.0 0.0
7889.0 0.0
7890.0 0.0
7891.0 0.0
7892.0 0.0
7893.0 0.0
7894.0 0.0
7895.0 0.0
7896.0 0.0
7897.0 0.0
7898.0 0.0
7899.0 0.0
7900.0 0.0
7901.0 0.0
7902.0 0.0
7903.0 0.0
7904.0 0.0
7905.0 0.0
7906.0 0.0
7907.0 0.0
7908.0 0.0
7909.0 0.0
7910.0 0.0
7911.0 0.0
7912.0 0.0
7913.0 0.0
7914.0 0.0
7915.0 0.0
7916.0 0.0
7917.0 0.0
7918.0 0.0
7919.0 0.0
7920.0 0.0
7921.0 0.0
7922.0 0.0
7923.0 0.0
7924.0 0.0
7925.0 0.0
7926.0 0.0
7927.0 0.0
7928.0 0.0
7929.0 0.0
7930.0 0.0
7931.0 0.0
7932.0 0.0
7933.0 0.0
7934.0 0.0
7935.0 0.0
7936.0 0.0
7937.0 0.0
7938.0 0.0
7939.0 0.0
7940.0 0.0
7941.0 0.0
7942.0 0.0
7943.0 0.0
7944.0 0.0
7945.0 0.0
7946.0 0.0
7947.0 0.0
7948.0 0.0
7949.0 0.0
7950.0 0.0
7951.0 0.0
7952.0 0.0
7953.0 0.0
7954.0 0.0
7955.0 0.0
7956.0 0.0
7957.0 0.0
7958.0 0.0
7959.0 0.0
7960.0 0.0
7961.0 0.0
7962.0 0.0
7963.0 0.0
7964.0 0.0
7965.0 0.0
7966.0 0.0
7967.0 0.0
7968.0 0.0
7969.0 0.0
7970.0 0.0
7971.0 0.0
7972.0 0.0
7973.0 0.0
7974.0 0.0
7975.0 0.0
7976.0 0.0
7977.0 0.0
7978.0 0.0
7979.0 0.0
7980.0 0.0
7981.0 0.0
7982.0 0.0
7983.0 0.0
7984.0 0.0
7985.0 0.0
7986.0 0.0
7987.0 0.0
7988.0 0.0
7989.0 0.0
7990.0 0.0
7991.0 0.0
7992.0 0.0
7993.0 0.0
7994.0 0.0
7995.0 0.0
7996.0 0.0
7997.0 0.0
7998.0 0.0
7999.0 0.0
8000.0 0.0
8001.0 0.0
8002.0 0.0
8003.0 0.0
8004.0 0.0
8005.0 0.0
8006.0 0.0
8007.0 0.0
8008.0 0.0
8009.0 0.0
8010.0 0.0
8011.0 0.0
8012.0 0.0
8013.0 0.0
8014.0 0.0
8015.0 0.0
8016.0 0.0
8017.0 0.0
8018.0 0.0
8019.0 0.0
8020.0 0.0
8021.0 0.0
8022.0 0.0
8023.0 0.0
8024.0 0.0
8025.0 0.0
8026.0 0.0
8027.0 0.0
8028.0 0.0
8029.0 0.0
8030.0 0.0
8031.0 0.0
8032.0 0.0
8033.0 0.0
8034.0 0.0
8035.0 0.0
8036.0 0.0
8037.0 0.0
8038.0 0.0
8039.0 0.0
8040.0 0.0
8041.0 0.0
8042.0 0.0
8043.0 0.0
8044.0 0.0
8045.0 0.0
8046.0 0.0
8047.0 0.0
8048.0 0.0
8049.0 0.0
8050.0 0.0
8051.0 0.0
8052.0 0.0
8053.0 0.0
8054.0 0.0
8055.0 0.0
8056.0 0.0
8057.0 0.0
8058.0 0.0
8059.0 0.0
8060.0 0.0
8061.0 0.0
8062.0 0.0
8063.0 0.0
8064.0 0.0
8065.0 0.0
8066.0 0.0
8067.0 0.0
8068.0 0.0
8069.0 0.0
8070.0 0.0
8071.0 0.0
8072.0 0.0
8073.0 0.0
8074.0 0.0
8075.0 0.0
8076.0 0.0
8077.0 0.0
8078.0 0.0
8079.0 0.0
8080.0 0.0
8081.0 0.0
8082.0 0.0
8083.0 0.0
8084.0 0.0
8085.0 0.0
8086.0 0.0
8087.0 0.0
8088.0 0.0
8089.0 0.0
8090.0 0.0
8091.0 0.0
8092.0 0.0
8093.0 0.0
8094.0 0.0
8095.0 0.0
8096.0 0.0
8097.0 0.0
8098.0 0.0
8099.0 0.0
8100.0 0.0
8101.0 0.0
8102.0 0.0
8103.0 0.0
8104.0 0.0
8105.0 0.0
8106.0 0.0
8107.0 0.0
8108.0 0.0
8109.0 0.0
8110.0 0.0
8111.0 0.0
8112.0 0.0
8113.0 0.0
8114.0 0.0
8115.0 0.0
8116.0 0.0
8117.0 0.0
8118.0 0.0
8119.0 0.0
8120.0 0.0
8121.0 0.0
8122.0 0.0
8123.0 0.0
8124.0 0.0
8125.0 0.0
8126.0 0.0
8127.0 0.0
8128.0 0.0
8129.0 0.0
8130.0 0.0
8131.0 0.0
8132.0 0.0
8133.0 0.0
8134.0 0.0
8135.0 0.0
8136.0 0.0
8137.0 0.0
8138.0 0.0
8139.0 0.0
8140.0 0.0
8141.0 0.0
8142.0 0.0
8143.0 0.0
8144.0 0.0
8145.0 0.0
8146.0 0.0
8147.0 0.0
8148.0 0.0
8149.0 0.0
8150.0 0.0
8151.0 0.0
8152.0 0.0
8153.0 0.0
8154.0 0.0
8155.0 0.0
8156.0 0.0
8157.0 0.0
8158.0 0.0
8159.0 0.0
8160.0 0.0
8161.0 0.0
8162.0 0.0
8163.0 0.0
8164.0 0.0
8165.0 0.0
8166.0 0.0
8167.0 0.0
8168.0 0.0
8169.0 0.0
8170.0 0.0
8171.0 0.0
8172.0 0.0
8173.0 0.0
8174.0 0.0
8175.0 0.0
8176.0 0.0
8177.0 0.0
8178.0 0.0
8179.0 0.0
8180.0 0.0
8181.0 0.0
8182.0 0.0
8183.0 0.0
8184.0 0.0
8185.0 0.0
8186.0 0.0
8187.0 0.0
8188.0 0.0
8189.0 0.0
8190.0 0.0
8191.0 0.0
8192.0 0.0
8193.0 0.0
8194.0 0.0
8195.0 0.0
8196.0 0.0
8197.0 0.0
8198.0 0.0
8199.0 0.0
8200.0 0.0
8201.0 0.0
8202.0 0.0
8203.0 0.0
8204.0 0.0
8205.0 0.0
8206.0 0.0
8207.0 0.0
8208.0 0.0
8209.0 0.0
8210.0 0.0
8211.0 0.0
8212.0 0.0
8213.0 0.0
8214.0 0.0
8215.0 0.0
8216.0 0.0
8217.0 0.0
8218.0 0.0
8219.0 0.0
8220.0 0.0
8221.0 0.0
8222.0 0.0
8223.0 0.0
8224.0 0.0
8225.0 0.0
8226.0 0.0
8227.0 0.0
8228.0 0.0
8229.0 0.0
8230.0 0.0
8231.0 0.0
8232.0 0.0
8233.0 0.0
8234.0 0.0
8235.0 0.0
8236.0 0.0
8237.0 0.0
8238.0 0.0
8239.0 0.0
8240.0 0.0
8241.0 0.0
8242.0 0.0
8243.0 0.0
8244.0 0.0
8245.0 0.0
8246.0 0.0
8247.0 0.0
8248.0 0.0
8249.0 0.0
8250.0 0.0
8251.0 0.0
8252.0 0.0
8253.0 0.0
8254.0 0.0
8255.0 0.0
8256.0 0.0
8257.0 0.0
8258.0 0.0
8259.0 0.0
8260.0 0.0
8261.0 0.0
8262.0 0.0
8263.0 0.0
8264.0 0.0
8265.0 0.0
8266.0 0.0
8267.0 0.0
8268.0 0.0
8269.0 0.0
8270.0 0.0
8271.0 0.0
8272.0 0.0
8273.0 0.0
8274.0 0.0
8275.0 0.0
8276.0 0.0
8277.0 0.0
8278.0 0.0
8279.0 0.0
8280.0 0.0
8281.0 0.0
8282.0 0.0
8283.0 0.0
8284.0 0.0
8285.0 0.0
8286.0 0.0
8287.0 0.0
8288.0 0.0
8289.0 0.0
8290.0 0.0
8291.0 0.0
8292.0 0.0
8293.0 0.0
8294.0 0.0
8295.0 0.0
8296.0 0.0
8297.0 0.0
8298.0 0.0
8299.0 0.0
8300.0 0.0
8301.0 0.0
8302.0 0.0
8303.0 0.0
8304.0 0.0
8305.0 0.0
8306.0 0.0
8307.0 0.0
8308.0 0.0
8309.0 0.0
8310.0 0.0
8311.0 0.0
8312.0 0.0
8313.0 0.0
8314.0 0.0
8315.0 0.0
8316.0 0.0
8317.0 0.0
8318.0 0.0
8319.0 0.0
8320.0 0.0
8321.0 0.0
8322.0 0.0
8323.0 0.0
8324.0 0.0
8325.0 0.0
8326.0 0.0
8327.0 0.0
8328.0 0.0
8329.0 0.0
8330.0 0.0
8331.0 0.0
8332.0 0.0
8333.0 0.0
8334.0 0.0
8335.0 0.0
8336.0 0.0
8337.0 0.0
8338.0 0.0
8339.0 0.0
8340.0 0.0
8341.0 0.0
8342.0 0.0
8343.0 0.0
8344.0 0.0
8345.0 0.0
8346.0 0.0
8347.0 0.0
8348.0 0.0
8349.0 0.0
8350.0 0.0
8351.0 0.0
8352.0 0.0
8353.0 0.0
8354.0 0.0
8355.0 0.0
8356.0 0.0
8357.0 0.0
8358.0 0.0
8359.0 0.0
8360.0 0.0
8361.0 0.0
8362.0 0.0
8363.0 0.0
8364.0 0.0
8365.0 0.0
8366.0 0.0
8367.0 0.0
8368.0 0.0
8369.0 0.0
8370.0 0.0
8371.0 0.0
8372.0 0.0
8373.0 0.0
8374.0 0.0
8375.0 0.0
8376.0 0.0
8377.0 0.0
8378.0 0.0
8379.0 0.0
8380.0 0.0
8381.0 0.0
8382.0 0.0
8383.0 0.0
8384.0 0.0
8385.0 0.0
8386.0 0.0
8387.0 0.0
8388.0 0.0
8389.0 0.0
8390.0 0.0
8391.0 0.0
8392.0 0.0
8393.0 0.0
8394.0 0.0
8395.0 0.0
8396.0 0.0
8397.0 0.0
8398.0 0.0
8399.0 0.0
8400.0 0.0
8401.0 0.0
8402.0 0.0
8403.0 0.0
8404.0 0.0
8405.0 0.0
8406.0 0.0
8407.0 0.0
8408.0 0.0
8409.0 0.0
8410.0 0.0
8411.0 0.0
8412.0 0.0
8413.0 0.0
8414.0 0.0
8415.0 0.0
8416.0 0.0
8417.0 0.0
8418.0 0.0
8419.0 0.0
8420.0 0.0
8421.0 0.0
8422.0 0.0
8423.0 0.0
8424.0 0.0
8425.0 0.0
8426.0 0.0
8427.0 0.0
8428.0 0.0
8429.0 0.0
8430.0 0.0
8431.0 0.0
8432.0 0.0
8433.0 0.0
8434.0 0.0
8435.0 0.0
8436.0 0.0
8437.0 0.0
8438.0 0.0
8439.0 0.0
8440.0 0.0
8441.0 0.0
8442.0 0.0
8443.0 0.0
8444.0 0.0
8445.0 0.0
8446.0 0.0
8447.0 0.0
8448.0 0.0
8449.0 0.0
8450.0 0.0
8451.0 0.0
8452.0 0.0
8453.0 0.0
8454.0 0.0
8455.0 0.0
8456.0 0.0
8457.0 0.0
8458.0 0.0
8459.0 0.0
8460.0 0.0
8461.0 0.0
8462.0 0.0
8463.0 0.0
8464.0 0.0
8465.0 0.0
8466.0 0.0
8467.0 0.0
8468.0 0.0
8469.0 0.0
8470.0 0.0
8471.0 0.0
8472.0 0.0
8473.0 0.0
8474.0 0.0
8475.0 0.0
8476.0 0.0
8477.0 0.0
8478.0 0.0
8479.0 0.0
8480.0 0.0
8481.0 0.0
8482.0 0.0
8483.0 0.0
8484.0 0.0
8485.0 0.0
8486.0 0.0
8487.0 0.0
8488.0 0.0
8489.0 0.0
8490.0 0.0
8491.0 0.0
8492.0 0.0
8493.0 0.0
8494.0 0.0
8495.0 0.0
8496.0 0.0
8497.0 0.0
8498.0 0.0
8499.0 0.0
8500.0 0.0
8501.0 0.0
8502.0 0.0
8503.0 0.0
8504.0 0.0
8505.0 0.0
8506.0 0.0
8507.0 0.0
8508.0 0.0
8509.0 0.0
8510.0 0.0
8511.0 0.0
8512.0 0.0
8513.0 0.0
8514.0 0.0
8515.0 0.0
8516.0 0.0
8517.0 0.0
8518.0 0.0
8519.0 0.0
8520.0 0.0
8521.0 0.0
8522.0 0.0
8523.0 0.0
8524.0 0.0
8525.0 0.0
8526.0 0.0
8527.0 0.0
8528.0 0.0
8529.0 0.0
8530.0 0.0
8531.0 0.0
8532.0 0.0
8533.0 0.0
8534.0 0.0
8535.0 0.0
8536.0 0.0
8537.0 0.0
8538.0 0.0
8539.0 0.0
8540.0 0.0
8541.0 0.0
8542.0 0.0
8543.0 0.0
8544.0 0.0
8545.0 0.0
8546.0 0.0
8547.0 0.0
8548.0 0.0
8549.0 0.0
8550.0 0.0
8551.0 0.0
8552.0 0.0
8553.0 0.0
8554.0 0.0
8555.0 0.0
8556.0 0.0
8557.0 0.0
8558.0 0.0
8559.0 0.0
8560.0 0.0
8561.0 0.0
8562.0 0.0
8563.0 0.0
8564.0 0.0
8565.0 0.0
8566.0 0.0
8567.0 0.0
8568.0 0.0
8569.0 0.0
8570.0 0.0
8571.0 0.0
8572.0 0.0
8573.0 0.0
8574.0 0.0
8575.0 0.0
8576.0 0.0
8577.0 0.0
8578.0 0.0
8579.0 0.0
8580.0 0.0
8581.0 0.0
8582.0 0.0
8583.0 0.0
8584.0 0.0
8585.0 0.0
8586.0 0.0
8587.0 0.0
8588.0 0.0
8589.0 0.0
8590.0 0.0
8591.0 0.0
8592.0 0.0
8593.0 0.0
8594.0 0.0
8595.0 0.0
8596.0 0.0
8597.0 0.0
8598.0 0.0
8599.0 0.0
8600.0 0.0
8601.0 0.0
8602.0 0.0
8603.0 0.0
8604.0 0.0
8605.0 0.0
8606.0 0.0
8607.0 0.0
8608.0 0.0
8609.0 0.0
8610.0 0.0
8611.0 0.0
8612.0 0.0
8613.0 0.0
8614.0 0.0
8615.0 0.0
8616.0 0.0
8617.0 0.0
8618.0 0.0
8619.0 0.0
8620.0 0.0
8621.0 0.0
8622.0 0.0
8623.0 0.0
8624.0 0.0
8625.0 0.0
8626.0 0.0
8627.0 0.0
8628.0 0.0
8629.0 0.0
8630.0 0.0
8631.0 0.0
8632.0 0.0
8633.0 0.0
8634.0 0.0
8635.0 0.0
8636.0 0.0
8637.0 0.0
8638.0 0.0
8639.0 0.0
8640.0 0.0
8641.0 0.0
8642.0 0.0
8643.0 0.0
8644.0 0.0
8645.0 0.0
8646.0 0.0
8647.0 0.0
8648.0 0.0
8649.0 0.0
8650.0 0.0
8651.0 0.0
8652.0 0.0
8653.0 0.0
8654.0 0.0
8655.0 0.0
8656.0 0.0
8657.0 0.0
8658.0 0.0
8659.0 0.0
8660.0 0.0
8661.0 0.0
8662.0 0.0
8663.0 0.0
8664.0 0.0
8665.0 0.0
8666.0 0.0
8667.0 0.0
8668.0 0.0
8669.0 0.0
8670.0 0.0
8671.0 0.0
8672.0 0.0
8673.0 0.0
8674.0 0.0
8675.0 0.0
8676.0 0.0
8677.0 0.0
8678.0 0.0
8679.0 0.0
8680.0 0.0
8681.0 0.0
8682.0 0.0
8683.0 0.0
8684.0 0.0
8685.0 0.0
8686.0 0.0
8687.0 0.0
8688.0 0.0
8689.0 0.0
8690.0 0.0
8691.0 0.0
8692.0 0.0
8693.0 0.0
8694.0 0.0
8695.0 0.0
8696.0 0.0
8697.0 0.0
8698.0 0.0
8699.0 0.0
8700.0 0.0
8701.0 0.0
8702.0 0.0
8703.0 0.0
8704.0 0.0
8705.0 0.0
8706.0 0.0
8707.0 0.0
8708.0 0.0
8709.0 0.0
8710.0 0.0
8711.0 0.0
8712.0 0.0
8713.0 0.0
8714.0 0.0
8715.0 0.0
8716.0 0.0
8717.0 0.0
8718.0 0.0
8719.0 0.0
8720.0 0.0
8721.0 0.0
8722.0 0.0
8723.0 0.0
8724.0 0.0
8725.0 0.0
8726.0 0.0
8727.0 0.0
8728.0 0.0
8729.0 0.0
8730.0 0.0
8731.0 0.0
8732.0 0.0
8733.0 0.0
8734.0 0.0
8735.0 0.0
8736.0 0.0
8737.0 0.0
8738.0 0.0
8739.0 0.0
8740.0 0.0
8741.0 0.0
8742.0 0.0
8743.0 0.0
8744.0 0.0
8745.0 0.0
8746.0 0.0
8747.0 0.0
8748.0 0.0
8749.0 0.0
8750.0 0.0
8751.0 0.0
8752.0 0.0
8753.0 0.0
8754.0 0.0
8755.0 0.0
8756.0 0.0
8757.0 0.0
8758.0 0.0
8759.0 0.0
8760.0 0.0
8761.0 0.0
8762.0 0.0
8763.0 0.0
8764.0 0.0
8765.0 0.0
8766.0 0.0
8767.0 0.0
8768.0 0.0
8769.0 0.0
8770.0 0.0
8771.0 0.0
8772.0 0.0
8773.0 0.0
8774.0 0.0
8775.0 0.0
8776.0 0.0
8777.0 0.0
8778.0 0.0
8779.0 0.0
8780.0 0.0
8781.0 0.0
8782.0 0.0
8783.0 0.0
8784.0 0.0
8785.0 0.0
8786.0 0.0
8787.0 0.0
8788.0 0.0
8789.0 0.0
8790.0 0.0
8791.0 0.0
8792.0 0.0
8793.0 0.0
8794.0 0.0
8795.0 0.0
8796.0 0.0
8797.0 0.0
8798.0 0.0
8799.0 0.0
8800.0 0.0
8801.0 0.0
8802.0 0.0
8803.0 0.0
8804.0 0.0
8805.0 0.0
8806.0 0.0
8807.0 0.0
8808.0 0.0
8809.0 0.0
8810.0 0.0
8811.0 0.0
8812.0 0.0
8813.0 0.0
8814.0 0.0
8815.0 0.0
8816.0 0.0
8817.0 0.0
8818.0 0.0
8819.0 0.0
8820.0 0.0
8821.0 0.0
8822.0 0.0
8823.0 0.0
8824.0 0.0
8825.0 0.0
8826.0 0.0
8827.0 0.0
8828.0 0.0
8829.0 0.0
8830.0 0.0
8831.0 0.0
8832.0 0.0
8833.0 0.0
8834.0 0.0
8835.0 0.0
8836.0 0.0
8837.0 0.0
8838.0 0.0
8839.0 0.0
8840.0 0.0
8841.0 0.0
8842.0 0.0
8843.0 0.0
8844.0 0.0
8845.0 0.0
8846.0 0.0
8847.0 0.0
8848.0 0.0
8849.0 0.0
8850.0 0.0
8851.0 0.0
8852.0 0.0
8853.0 0.0
8854.0 0.0
8855.0 0.0
8856.0 0.0
8857.0 0.0
8858.0 0.0
8859.0 0.0
8860.0 0.0
8861.0 0.0
8862.0 0.0
8863.0 0.0
8864.0 0.0
8865.0 0.0
8866.0 0.0
8867.0 0.0
8868.0 0.0
8869.0 0.0
8870.0 0.0
8871.0 0.0
8872.0 0.0
8873.0 0.0
8874.0 0.0
8875.0 0.0
8876.0 0.0
8877.0 0.0
8878.0 0.0
8879.0 0.0
8880.0 0.0
8881.0 0.0
8882.0 0.0
8883.0 0.0
8884.0 0.0
8885.0 0.0
8886.0 0.0
8887.0 0.0
8888.0 0.0
8889.0 0.0
8890.0 0.0
8891.0 0.0
8892.0 0.0
8893.0 0.0
8894.0 0.0
8895.0 0.0
8896.0 0.0
8897.0 0.0
8898.0 0.0
8899.0 0.0
8900.0 0.0
8901.0 0.0
8902.0 0.0
8903.0 0.0
8904.0 0.0
8905.0 0.0
8906.0 0.0
8907.0 0.0
8908.0 0.0
8909.0 0.0
8910.0 0.0
8911.0 0.0
8912.0 0.0
8913.0 0.0
8914.0 0.0
8915.0 0.0
8916.0 0.0
8917.0 0.0
8918.0 0.0
8919.0 0.0
8920.0 0.0
8921.0 0.0
8922.0 0.0
8923.0 0.0
8924.0 0.0
8925.0 0.0
8926.0 0.0
8927.0 0.0
8928.0 0.0
8929.0 0.0
8930.0 0.0
8931.0 0.0
8932.0 0.0
8933.0 0.0
8934.0 0.0
8935.0 0.0
8936.0 0.0
8937.0 0.0
8938.0 0.0
8939.0 0.0
8940.0 0.0
8941.0 0.0
8942.0 0.0
8943.0 0.0
8944.0 0.0
8945.0 0.0
8946.0 0.0
8947.0 0.0
8948.0 0.0
8949.0 0.0
8950.0 0.0
8951.0 0.0
8952.0 0.0
8953.0 0.0
8954.0 0.0
8955.0 0.0
8956.0 0.0
8957.0 0.0
8958.0 0.0
8959.0 0.0
8960.0 0.0
8961.0 0.0
8962.0 0.0
8963.0 0.0
8964.0 0.0
8965.0 0.0
8966.0 0.0
8967.0 0.0
8968.0 0.0
8969.0 0.0
8970.0 0.0
8971.0 0.0
8972.0 0.0
8973.0 0.0
8974.0 0.0
8975.0 0.0
8976.0 0.0
8977.0 0.0
8978.0 0.0
8979.0 0.0
8980.0 0.0
8981.0 0.0
8982.0 0.0
8983.0 0.0
8984.0 0.0
8985.0 0.0
8986.0 0.0
8987.0 0.0
8988.0 0.0
8989.0 0.0
8990.0 0.0
8991.0 0.0
8992.0 0.0
8993.0 0.0
8994.0 0.0
8995.0 0.0
8996.0 0.0
8997.0 0.0
8998.0 0.0
8999.0 0.0
9000.0 0.0
9001.0 0.0
9002.0 0.0
9003.0 0.0
9004.0 0.0
9005.0 0.0
9006.0 0.0
9007.0 0.0
9008.0 0.0
9009.0 0.0
9010.0 0.0
9011.0 0.0
9012.0 0.0
9013.0 0.0
9014.0 0.0
9015.0 0.0
9016.0 0.0
9017.0 0.0
9018.0 0.0
9019.0 0.0
9020.0 0.0
9021.0 0.0
9022.0 0.0
9023.0 0.0
9024.0 0.0
9025.0 0.0
9026.0 0.0
9027.0 0.0
9028.0 0.0
9029.0 0.0
9030.0 0.0
9031.0 0.0
9032.0 0.0
9033.0 0.0
9034.0 0.0
9035.0 0.0
9036.0 0.0
9037.0 0.0
9038.0 0.0
9039.0 0.0
9040.0 0.0
9041.0 0.0
9042.0 0.0
9043.0 0.0
9044.0 0.0
9045.0 0.0
9046.0 0.0
9047.0 0.0
9048.0 0.0
9049.0 0.0
9050.0 0.0
9051.0 0.0
9052.0 0.0
9053.0 0.0
9054.0 0.0
9055.0 0.0
9056.0 0.0
9057.0 0.0
9058.0 0.0
9059.0 0.0
9060.0 0.0
9061.0 0.0
9062.0 0.0
9063.0 0.0
9064.0 0.0
9065.0 0.0
9066.0 0.0
9067.0 0.0
9068.0 0.0
9069.0 0.0
9070.0 0.0
9071.0 0.0
9072.0 0.0
9073.0 0.0
9074.0 0.0
9075.0 0.0
9076.0 0.0
9077.0 0.0
9078.0 0.0
9079.0 0.0
9080.0 0.0
9081.0 0.0
9082.0 0.0
9083.0 0.0
9084.0 0.0
9085.0 0.0
9086.0 0.0
9087.0 0.0
9088.0 0.0
9089.0 0.0
9090.0 0.0
9091.0 0.0
9092.0 0.0
9093.0 0.0
9094.0 0.0
9095.0 0.0
9096.0 0.0
9097.0 0.0
9098.0 0.0
9099.0 0.0
9100.0 0.0
9101.0 0.0
9102.0 0.0
9103.0 0.0
9104.0 0.0
9105.0 0.0
9106.0 0.0
9107.0 0.0
9108.0 0.0
9109.0 0.0
9110.0 0.0
9111.0 0.0
9112.0 0.0
9113.0 0.0
9114.0 0.0
9115.0 0.0
9116.0 0.0
9117.0 0.0
9118.0 0.0
9119.0 0.0
9120.0 0.0
9121.0 0.0
9122.0 0.0
9123.0 0.0
9124.0 0.0
9125.0 0.0
9126.0 0.0
9127.0 0.0
9128.0 0.0
9129.0 0.0
9130.0 0.0
9131.0 0.0
9132.0 0.0
9133.0 0.0
9134.0 0.0
9135.0 0.0
9136.0 0.0
9137.0 0.0
9138.0 0.0
9139.0 0.0
9140.0 0.0
9141.0 0.0
9142.0 0.0
9143.0 0.0
9144.0 0.0
9145.0 0.0
9146.0 0.0
9147.0 0.0
9148.0 0.0
9149.0 0.0
9150.0 0.0
9151.0 0.0
9152.0 0.0
9153.0 0.0
9154.0 0.0
9155.0 0.0
9156.0 0.0
9157.0 0.0
9158.0 0.0
9159.0 0.0
9160.0 0.0
9161.0 0.0
9162.0 0.0
9163.0 0.0
9164.0 0.0
9165.0 0.0
9166.0 0.0
9167.0 0.0
9168.0 0.0
9169.0 0.0
9170.0 0.0
9171.0 0.0
9172.0 0.0
9173.0 0.0
9174.0 0.0
9175.0 0.0
9176.0 0.0
9177.0 0.0
9178.0 0.0
9179.0 0.0
9180.0 0.0
9181.0 0.0
9182.0 0.0
9183.0 0.0
9184.0 0.0
9185.0 0.0
9186.0 0.0
9187.0 0.0
9188.0 0.0
9189.0 0.0
9190.0 0.0
9191.0 0.0
9192.0 0.0
9193.0 0.0
9194.0 0.0
9195.0 0.0
9196.0 0.0
9197.0 0.0
9198.0 0.0
9199.0 0.0
9200.0 0.0
