# Column  0 : IMF
# Column  1 : Slope
# Column  2 : [M/H]
# Column  3 : Age (Gyr)
# Column  4 : [a/Fe]
# Column  5 : M(*+remn)
KU	1.30	-2.2653	0.0300	0.0	0.8407
KU	1.30	-2.2653	0.0400	0.0	0.8257
KU	1.30	-2.2653	0.0500	0.0	0.8146
KU	1.30	-2.2653	0.0600	0.0	0.8059
KU	1.30	-2.2653	0.0700	0.0	0.7988
KU	1.30	-2.2653	0.0800	0.0	0.7930
KU	1.30	-2.2653	0.0900	0.0	0.7879
KU	1.30	-2.2653	0.1000	0.0	0.7834
KU	1.30	-2.2653	0.1500	0.0	0.7577
KU	1.30	-2.2653	0.2000	0.0	0.7430
KU	1.30	-2.2653	0.2500	0.0	0.7313
KU	1.30	-2.2653	0.3000	0.0	0.7219
KU	1.30	-2.2653	0.3500	0.0	0.7140
KU	1.30	-2.2653	0.4000	0.0	0.7070
KU	1.30	-2.2653	0.4500	0.0	0.7009
KU	1.30	-2.2653	0.5000	0.0	0.6956
KU	1.30	-2.2653	0.6000	0.0	0.6865
KU	1.30	-2.2653	0.7000	0.0	0.6790
KU	1.30	-2.2653	0.8000	0.0	0.6726
KU	1.30	-2.2653	0.9000	0.0	0.6664
KU	1.30	-2.2653	1.0000	0.0	0.6601
KU	1.30	-2.2653	1.2500	0.0	0.6488
KU	1.30	-2.2653	1.5000	0.0	0.6406
KU	1.30	-2.2653	1.7500	0.0	0.6346
KU	1.30	-2.2653	2.0000	0.0	0.6295
KU	1.30	-2.2653	2.2500	0.0	0.6250
KU	1.30	-2.2653	2.5000	0.0	0.6211
KU	1.30	-2.2653	2.7500	0.0	0.6178
KU	1.30	-2.2653	3.0000	0.0	0.6147
KU	1.30	-2.2653	3.2500	0.0	0.6120
KU	1.30	-2.2653	3.5000	0.0	0.6096
KU	1.30	-2.2653	3.7500	0.0	0.6073
KU	1.30	-2.2653	4.0000	0.0	0.6052
KU	1.30	-2.2653	4.5000	0.0	0.6014
KU	1.30	-2.2653	5.0000	0.0	0.5982
KU	1.30	-2.2653	5.5000	0.0	0.5954
KU	1.30	-2.2653	6.0000	0.0	0.5929
KU	1.30	-2.2653	6.5000	0.0	0.5907
KU	1.30	-2.2653	7.0000	0.0	0.5886
KU	1.30	-2.2653	7.5000	0.0	0.5868
KU	1.30	-2.2653	8.0000	0.0	0.5852
KU	1.30	-2.2653	8.5000	0.0	0.5837
KU	1.30	-2.2653	9.0000	0.0	0.5823
KU	1.30	-2.2653	9.5000	0.0	0.5811
KU	1.30	-2.2653	10.0000	0.0	0.5799
KU	1.30	-2.2653	10.5000	0.0	0.5787
KU	1.30	-2.2653	11.0000	0.0	0.5758
KU	1.30	-2.2653	11.5000	0.0	0.5729
KU	1.30	-2.2653	12.0000	0.0	0.5700
KU	1.30	-2.2653	12.5000	0.0	0.5672
KU	1.30	-2.2653	13.0000	0.0	0.5643
KU	1.30	-2.2653	13.5000	0.0	0.5615
KU	1.30	-2.2653	14.0000	0.0	0.5587
KU	1.30	-1.7880	0.0300	0.0	0.8399
KU	1.30	-1.7880	0.0400	0.0	0.8248
KU	1.30	-1.7880	0.0500	0.0	0.8136
KU	1.30	-1.7880	0.0600	0.0	0.8048
KU	1.30	-1.7880	0.0700	0.0	0.7978
KU	1.30	-1.7880	0.0800	0.0	0.7919
KU	1.30	-1.7880	0.0900	0.0	0.7867
KU	1.30	-1.7880	0.1000	0.0	0.7817
KU	1.30	-1.7880	0.1500	0.0	0.7588
KU	1.30	-1.7880	0.2000	0.0	0.7443
KU	1.30	-1.7880	0.2500	0.0	0.7328
KU	1.30	-1.7880	0.3000	0.0	0.7235
KU	1.30	-1.7880	0.3500	0.0	0.7158
KU	1.30	-1.7880	0.4000	0.0	0.7089
KU	1.30	-1.7880	0.4500	0.0	0.7029
KU	1.30	-1.7880	0.5000	0.0	0.6976
KU	1.30	-1.7880	0.6000	0.0	0.6887
KU	1.30	-1.7880	0.7000	0.0	0.6812
KU	1.30	-1.7880	0.8000	0.0	0.6748
KU	1.30	-1.7880	0.9000	0.0	0.6692
KU	1.30	-1.7880	1.0000	0.0	0.6626
KU	1.30	-1.7880	1.2500	0.0	0.6503
KU	1.30	-1.7880	1.5000	0.0	0.6416
KU	1.30	-1.7880	1.7500	0.0	0.6354
KU	1.30	-1.7880	2.0000	0.0	0.6302
KU	1.30	-1.7880	2.2500	0.0	0.6257
KU	1.30	-1.7880	2.5000	0.0	0.6218
KU	1.30	-1.7880	2.7500	0.0	0.6184
KU	1.30	-1.7880	3.0000	0.0	0.6154
KU	1.30	-1.7880	3.2500	0.0	0.6127
KU	1.30	-1.7880	3.5000	0.0	0.6102
KU	1.30	-1.7880	3.7500	0.0	0.6079
KU	1.30	-1.7880	4.0000	0.0	0.6058
KU	1.30	-1.7880	4.5000	0.0	0.6021
KU	1.30	-1.7880	5.0000	0.0	0.5988
KU	1.30	-1.7880	5.5000	0.0	0.5960
KU	1.30	-1.7880	6.0000	0.0	0.5935
KU	1.30	-1.7880	6.5000	0.0	0.5912
KU	1.30	-1.7880	7.0000	0.0	0.5892
KU	1.30	-1.7880	7.5000	0.0	0.5873
KU	1.30	-1.7880	8.0000	0.0	0.5857
KU	1.30	-1.7880	8.5000	0.0	0.5842
KU	1.30	-1.7880	9.0000	0.0	0.5828
KU	1.30	-1.7880	9.5000	0.0	0.5816
KU	1.30	-1.7880	10.0000	0.0	0.5804
KU	1.30	-1.7880	10.5000	0.0	0.5792
KU	1.30	-1.7880	11.0000	0.0	0.5763
KU	1.30	-1.7880	11.5000	0.0	0.5734
KU	1.30	-1.7880	12.0000	0.0	0.5706
KU	1.30	-1.7880	12.5000	0.0	0.5677
KU	1.30	-1.7880	13.0000	0.0	0.5667
KU	1.30	-1.7880	13.5000	0.0	0.5639
KU	1.30	-1.7880	14.0000	0.0	0.5611
KU	1.30	-1.4863	0.0300	0.0	0.8395
KU	1.30	-1.4863	0.0400	0.0	0.8244
KU	1.30	-1.4863	0.0500	0.0	0.8132
KU	1.30	-1.4863	0.0600	0.0	0.8044
KU	1.30	-1.4863	0.0700	0.0	0.7973
KU	1.30	-1.4863	0.0800	0.0	0.7914
KU	1.30	-1.4863	0.0900	0.0	0.7861
KU	1.30	-1.4863	0.1000	0.0	0.7811
KU	1.30	-1.4863	0.1500	0.0	0.7596
KU	1.30	-1.4863	0.2000	0.0	0.7451
KU	1.30	-1.4863	0.2500	0.0	0.7338
KU	1.30	-1.4863	0.3000	0.0	0.7245
KU	1.30	-1.4863	0.3500	0.0	0.7169
KU	1.30	-1.4863	0.4000	0.0	0.7102
KU	1.30	-1.4863	0.4500	0.0	0.7043
KU	1.30	-1.4863	0.5000	0.0	0.6991
KU	1.30	-1.4863	0.6000	0.0	0.6902
KU	1.30	-1.4863	0.7000	0.0	0.6828
KU	1.30	-1.4863	0.8000	0.0	0.6766
KU	1.30	-1.4863	0.9000	0.0	0.6710
KU	1.30	-1.4863	1.0000	0.0	0.6650
KU	1.30	-1.4863	1.2500	0.0	0.6520
KU	1.30	-1.4863	1.5000	0.0	0.6431
KU	1.30	-1.4863	1.7500	0.0	0.6365
KU	1.30	-1.4863	2.0000	0.0	0.6313
KU	1.30	-1.4863	2.2500	0.0	0.6267
KU	1.30	-1.4863	2.5000	0.0	0.6227
KU	1.30	-1.4863	2.7500	0.0	0.6193
KU	1.30	-1.4863	3.0000	0.0	0.6162
KU	1.30	-1.4863	3.2500	0.0	0.6135
KU	1.30	-1.4863	3.5000	0.0	0.6110
KU	1.30	-1.4863	3.7500	0.0	0.6087
KU	1.30	-1.4863	4.0000	0.0	0.6066
KU	1.30	-1.4863	4.5000	0.0	0.6029
KU	1.30	-1.4863	5.0000	0.0	0.5996
KU	1.30	-1.4863	5.5000	0.0	0.5968
KU	1.30	-1.4863	6.0000	0.0	0.5942
KU	1.30	-1.4863	6.5000	0.0	0.5920
KU	1.30	-1.4863	7.0000	0.0	0.5899
KU	1.30	-1.4863	7.5000	0.0	0.5880
KU	1.30	-1.4863	8.0000	0.0	0.5864
KU	1.30	-1.4863	8.5000	0.0	0.5849
KU	1.30	-1.4863	9.0000	0.0	0.5835
KU	1.30	-1.4863	9.5000	0.0	0.5822
KU	1.30	-1.4863	10.0000	0.0	0.5810
KU	1.30	-1.4863	10.5000	0.0	0.5799
KU	1.30	-1.4863	11.0000	0.0	0.5788
KU	1.30	-1.4863	11.5000	0.0	0.5759
KU	1.30	-1.4863	12.0000	0.0	0.5731
KU	1.30	-1.4863	12.5000	0.0	0.5703
KU	1.30	-1.4863	13.0000	0.0	0.5674
KU	1.30	-1.4863	13.5000	0.0	0.5646
KU	1.30	-1.4863	14.0000	0.0	0.5637
KU	1.30	-1.2642	0.0300	0.0	0.8395
KU	1.30	-1.2642	0.0400	0.0	0.8243
KU	1.30	-1.2642	0.0500	0.0	0.8131
KU	1.30	-1.2642	0.0600	0.0	0.8043
KU	1.30	-1.2642	0.0700	0.0	0.7972
KU	1.30	-1.2642	0.0800	0.0	0.7913
KU	1.30	-1.2642	0.0900	0.0	0.7860
KU	1.30	-1.2642	0.1000	0.0	0.7811
KU	1.30	-1.2642	0.1500	0.0	0.7604
KU	1.30	-1.2642	0.2000	0.0	0.7461
KU	1.30	-1.2642	0.2500	0.0	0.7350
KU	1.30	-1.2642	0.3000	0.0	0.7257
KU	1.30	-1.2642	0.3500	0.0	0.7182
KU	1.30	-1.2642	0.4000	0.0	0.7116
KU	1.30	-1.2642	0.4500	0.0	0.7057
KU	1.30	-1.2642	0.5000	0.0	0.7006
KU	1.30	-1.2642	0.6000	0.0	0.6919
KU	1.30	-1.2642	0.7000	0.0	0.6847
KU	1.30	-1.2642	0.8000	0.0	0.6785
KU	1.30	-1.2642	0.9000	0.0	0.6730
KU	1.30	-1.2642	1.0000	0.0	0.6678
KU	1.30	-1.2642	1.2500	0.0	0.6540
KU	1.30	-1.2642	1.5000	0.0	0.6449
KU	1.30	-1.2642	1.7500	0.0	0.6379
KU	1.30	-1.2642	2.0000	0.0	0.6326
KU	1.30	-1.2642	2.2500	0.0	0.6280
KU	1.30	-1.2642	2.5000	0.0	0.6239
KU	1.30	-1.2642	2.7500	0.0	0.6204
KU	1.30	-1.2642	3.0000	0.0	0.6174
KU	1.30	-1.2642	3.2500	0.0	0.6146
KU	1.30	-1.2642	3.5000	0.0	0.6121
KU	1.30	-1.2642	3.7500	0.0	0.6098
KU	1.30	-1.2642	4.0000	0.0	0.6077
KU	1.30	-1.2642	4.5000	0.0	0.6039
KU	1.30	-1.2642	5.0000	0.0	0.6007
KU	1.30	-1.2642	5.5000	0.0	0.5978
KU	1.30	-1.2642	6.0000	0.0	0.5953
KU	1.30	-1.2642	6.5000	0.0	0.5930
KU	1.30	-1.2642	7.0000	0.0	0.5909
KU	1.30	-1.2642	7.5000	0.0	0.5890
KU	1.30	-1.2642	8.0000	0.0	0.5873
KU	1.30	-1.2642	8.5000	0.0	0.5858
KU	1.30	-1.2642	9.0000	0.0	0.5844
KU	1.30	-1.2642	9.5000	0.0	0.5831
KU	1.30	-1.2642	10.0000	0.0	0.5819
KU	1.30	-1.2642	10.5000	0.0	0.5808
KU	1.30	-1.2642	11.0000	0.0	0.5797
KU	1.30	-1.2642	11.5000	0.0	0.5787
KU	1.30	-1.2642	12.0000	0.0	0.5759
KU	1.30	-1.2642	12.5000	0.0	0.5731
KU	1.30	-1.2642	13.0000	0.0	0.5703
KU	1.30	-1.2642	13.5000	0.0	0.5675
KU	1.30	-1.2642	14.0000	0.0	0.5647
KU	1.30	-0.9614	0.0300	0.0	0.8395
KU	1.30	-0.9614	0.0400	0.0	0.8244
KU	1.30	-0.9614	0.0500	0.0	0.8132
KU	1.30	-0.9614	0.0600	0.0	0.8044
KU	1.30	-0.9614	0.0700	0.0	0.7973
KU	1.30	-0.9614	0.0800	0.0	0.7914
KU	1.30	-0.9614	0.0900	0.0	0.7861
KU	1.30	-0.9614	0.1000	0.0	0.7814
KU	1.30	-0.9614	0.1500	0.0	0.7625
KU	1.30	-0.9614	0.2000	0.0	0.7484
KU	1.30	-0.9614	0.2500	0.0	0.7371
KU	1.30	-0.9614	0.3000	0.0	0.7278
KU	1.30	-0.9614	0.3500	0.0	0.7204
KU	1.30	-0.9614	0.4000	0.0	0.7141
KU	1.30	-0.9614	0.4500	0.0	0.7085
KU	1.30	-0.9614	0.5000	0.0	0.7034
KU	1.30	-0.9614	0.6000	0.0	0.6952
KU	1.30	-0.9614	0.7000	0.0	0.6882
KU	1.30	-0.9614	0.8000	0.0	0.6822
KU	1.30	-0.9614	0.9000	0.0	0.6768
KU	1.30	-0.9614	1.0000	0.0	0.6720
KU	1.30	-0.9614	1.2500	0.0	0.6582
KU	1.30	-0.9614	1.5000	0.0	0.6483
KU	1.30	-0.9614	1.7500	0.0	0.6406
KU	1.30	-0.9614	2.0000	0.0	0.6353
KU	1.30	-0.9614	2.2500	0.0	0.6307
KU	1.30	-0.9614	2.5000	0.0	0.6265
KU	1.30	-0.9614	2.7500	0.0	0.6229
KU	1.30	-0.9614	3.0000	0.0	0.6199
KU	1.30	-0.9614	3.2500	0.0	0.6171
KU	1.30	-0.9614	3.5000	0.0	0.6145
KU	1.30	-0.9614	3.7500	0.0	0.6122
KU	1.30	-0.9614	4.0000	0.0	0.6101
KU	1.30	-0.9614	4.5000	0.0	0.6063
KU	1.30	-0.9614	5.0000	0.0	0.6030
KU	1.30	-0.9614	5.5000	0.0	0.6001
KU	1.30	-0.9614	6.0000	0.0	0.5975
KU	1.30	-0.9614	6.5000	0.0	0.5952
KU	1.30	-0.9614	7.0000	0.0	0.5931
KU	1.30	-0.9614	7.5000	0.0	0.5912
KU	1.30	-0.9614	8.0000	0.0	0.5894
KU	1.30	-0.9614	8.5000	0.0	0.5878
KU	1.30	-0.9614	9.0000	0.0	0.5863
KU	1.30	-0.9614	9.5000	0.0	0.5850
KU	1.30	-0.9614	10.0000	0.0	0.5837
KU	1.30	-0.9614	10.5000	0.0	0.5826
KU	1.30	-0.9614	11.0000	0.0	0.5815
KU	1.30	-0.9614	11.5000	0.0	0.5805
KU	1.30	-0.9614	12.0000	0.0	0.5795
KU	1.30	-0.9614	12.5000	0.0	0.5786
KU	1.30	-0.9614	13.0000	0.0	0.5759
KU	1.30	-0.9614	13.5000	0.0	0.5732
KU	1.30	-0.9614	14.0000	0.0	0.5704
KU	1.30	-0.6575	0.0300	0.0	0.8396
KU	1.30	-0.6575	0.0400	0.0	0.8247
KU	1.30	-0.6575	0.0500	0.0	0.8137
KU	1.30	-0.6575	0.0600	0.0	0.8051
KU	1.30	-0.6575	0.0700	0.0	0.7980
KU	1.30	-0.6575	0.0800	0.0	0.7922
KU	1.30	-0.6575	0.0900	0.0	0.7870
KU	1.30	-0.6575	0.1000	0.0	0.7823
KU	1.30	-0.6575	0.1500	0.0	0.7636
KU	1.30	-0.6575	0.2000	0.0	0.7503
KU	1.30	-0.6575	0.2500	0.0	0.7398
KU	1.30	-0.6575	0.3000	0.0	0.7312
KU	1.30	-0.6575	0.3500	0.0	0.7239
KU	1.30	-0.6575	0.4000	0.0	0.7181
KU	1.30	-0.6575	0.4500	0.0	0.7129
KU	1.30	-0.6575	0.5000	0.0	0.7082
KU	1.30	-0.6575	0.6000	0.0	0.7001
KU	1.30	-0.6575	0.7000	0.0	0.6933
KU	1.30	-0.6575	0.8000	0.0	0.6874
KU	1.30	-0.6575	0.9000	0.0	0.6821
KU	1.30	-0.6575	1.0000	0.0	0.6772
KU	1.30	-0.6575	1.2500	0.0	0.6651
KU	1.30	-0.6575	1.5000	0.0	0.6530
KU	1.30	-0.6575	1.7500	0.0	0.6454
KU	1.30	-0.6575	2.0000	0.0	0.6393
KU	1.30	-0.6575	2.2500	0.0	0.6348
KU	1.30	-0.6575	2.5000	0.0	0.6308
KU	1.30	-0.6575	2.7500	0.0	0.6272
KU	1.30	-0.6575	3.0000	0.0	0.6239
KU	1.30	-0.6575	3.2500	0.0	0.6211
KU	1.30	-0.6575	3.5000	0.0	0.6185
KU	1.30	-0.6575	3.7500	0.0	0.6161
KU	1.30	-0.6575	4.0000	0.0	0.6139
KU	1.30	-0.6575	4.5000	0.0	0.6102
KU	1.30	-0.6575	5.0000	0.0	0.6068
KU	1.30	-0.6575	5.5000	0.0	0.6038
KU	1.30	-0.6575	6.0000	0.0	0.6012
KU	1.30	-0.6575	6.5000	0.0	0.5989
KU	1.30	-0.6575	7.0000	0.0	0.5968
KU	1.30	-0.6575	7.5000	0.0	0.5948
KU	1.30	-0.6575	8.0000	0.0	0.5930
KU	1.30	-0.6575	8.5000	0.0	0.5913
KU	1.30	-0.6575	9.0000	0.0	0.5898
KU	1.30	-0.6575	9.5000	0.0	0.5883
KU	1.30	-0.6575	10.0000	0.0	0.5870
KU	1.30	-0.6575	10.5000	0.0	0.5858
KU	1.30	-0.6575	11.0000	0.0	0.5846
KU	1.30	-0.6575	11.5000	0.0	0.5836
KU	1.30	-0.6575	12.0000	0.0	0.5826
KU	1.30	-0.6575	12.5000	0.0	0.5817
KU	1.30	-0.6575	13.0000	0.0	0.5808
KU	1.30	-0.6575	13.5000	0.0	0.5799
KU	1.30	-0.6575	14.0000	0.0	0.5791
KU	1.30	-0.3512	0.0300	0.0	0.8398
KU	1.30	-0.3512	0.0400	0.0	0.8253
KU	1.30	-0.3512	0.0500	0.0	0.8145
KU	1.30	-0.3512	0.0600	0.0	0.8061
KU	1.30	-0.3512	0.0700	0.0	0.7992
KU	1.30	-0.3512	0.0800	0.0	0.7935
KU	1.30	-0.3512	0.0900	0.0	0.7884
KU	1.30	-0.3512	0.1000	0.0	0.7839
KU	1.30	-0.3512	0.1500	0.0	0.7662
KU	1.30	-0.3512	0.2000	0.0	0.7539
KU	1.30	-0.3512	0.2500	0.0	0.7447
KU	1.30	-0.3512	0.3000	0.0	0.7371
KU	1.30	-0.3512	0.3500	0.0	0.7307
KU	1.30	-0.3512	0.4000	0.0	0.7252
KU	1.30	-0.3512	0.4500	0.0	0.7205
KU	1.30	-0.3512	0.5000	0.0	0.7163
KU	1.30	-0.3512	0.6000	0.0	0.7088
KU	1.30	-0.3512	0.7000	0.0	0.7024
KU	1.30	-0.3512	0.8000	0.0	0.6968
KU	1.30	-0.3512	0.9000	0.0	0.6917
KU	1.30	-0.3512	1.0000	0.0	0.6872
KU	1.30	-0.3512	1.2500	0.0	0.6771
KU	1.30	-0.3512	1.5000	0.0	0.6659
KU	1.30	-0.3512	1.7500	0.0	0.6567
KU	1.30	-0.3512	2.0000	0.0	0.6508
KU	1.30	-0.3512	2.2500	0.0	0.6457
KU	1.30	-0.3512	2.5000	0.0	0.6418
KU	1.30	-0.3512	2.7500	0.0	0.6385
KU	1.30	-0.3512	3.0000	0.0	0.6354
KU	1.30	-0.3512	3.2500	0.0	0.6327
KU	1.30	-0.3512	3.5000	0.0	0.6301
KU	1.30	-0.3512	3.7500	0.0	0.6279
KU	1.30	-0.3512	4.0000	0.0	0.6258
KU	1.30	-0.3512	4.5000	0.0	0.6220
KU	1.30	-0.3512	5.0000	0.0	0.6188
KU	1.30	-0.3512	5.5000	0.0	0.6160
KU	1.30	-0.3512	6.0000	0.0	0.6135
KU	1.30	-0.3512	6.5000	0.0	0.6112
KU	1.30	-0.3512	7.0000	0.0	0.6091
KU	1.30	-0.3512	7.5000	0.0	0.6072
KU	1.30	-0.3512	8.0000	0.0	0.6054
KU	1.30	-0.3512	8.5000	0.0	0.6038
KU	1.30	-0.3512	9.0000	0.0	0.6023
KU	1.30	-0.3512	9.5000	0.0	0.6009
KU	1.30	-0.3512	10.0000	0.0	0.5996
KU	1.30	-0.3512	10.5000	0.0	0.5984
KU	1.30	-0.3512	11.0000	0.0	0.5973
KU	1.30	-0.3512	11.5000	0.0	0.5962
KU	1.30	-0.3512	12.0000	0.0	0.5952
KU	1.30	-0.3512	12.5000	0.0	0.5943
KU	1.30	-0.3512	13.0000	0.0	0.5934
KU	1.30	-0.3512	13.5000	0.0	0.5926
KU	1.30	-0.3512	14.0000	0.0	0.5918
KU	1.30	-0.2513	0.0300	0.0	0.8402
KU	1.30	-0.2513	0.0400	0.0	0.8257
KU	1.30	-0.2513	0.0500	0.0	0.8150
KU	1.30	-0.2513	0.0600	0.0	0.8068
KU	1.30	-0.2513	0.0700	0.0	0.7999
KU	1.30	-0.2513	0.0800	0.0	0.7942
KU	1.30	-0.2513	0.0900	0.0	0.7892
KU	1.30	-0.2513	0.1000	0.0	0.7848
KU	1.30	-0.2513	0.1500	0.0	0.7679
KU	1.30	-0.2513	0.2000	0.0	0.7558
KU	1.30	-0.2513	0.2500	0.0	0.7466
KU	1.30	-0.2513	0.3000	0.0	0.7391
KU	1.30	-0.2513	0.3500	0.0	0.7326
KU	1.30	-0.2513	0.4000	0.0	0.7271
KU	1.30	-0.2513	0.4500	0.0	0.7225
KU	1.30	-0.2513	0.5000	0.0	0.7183
KU	1.30	-0.2513	0.6000	0.0	0.7109
KU	1.30	-0.2513	0.7000	0.0	0.7046
KU	1.30	-0.2513	0.8000	0.0	0.6990
KU	1.30	-0.2513	0.9000	0.0	0.6939
KU	1.30	-0.2513	1.0000	0.0	0.6894
KU	1.30	-0.2513	1.2500	0.0	0.6771
KU	1.30	-0.2513	1.5000	0.0	0.6669
KU	1.30	-0.2513	1.7500	0.0	0.6591
KU	1.30	-0.2513	2.0000	0.0	0.6533
KU	1.30	-0.2513	2.2500	0.0	0.6482
KU	1.30	-0.2513	2.5000	0.0	0.6440
KU	1.30	-0.2513	2.7500	0.0	0.6407
KU	1.30	-0.2513	3.0000	0.0	0.6377
KU	1.30	-0.2513	3.2500	0.0	0.6350
KU	1.30	-0.2513	3.5000	0.0	0.6324
KU	1.30	-0.2513	3.7500	0.0	0.6301
KU	1.30	-0.2513	4.0000	0.0	0.6280
KU	1.30	-0.2513	4.5000	0.0	0.6242
KU	1.30	-0.2513	5.0000	0.0	0.6210
KU	1.30	-0.2513	5.5000	0.0	0.6181
KU	1.30	-0.2513	6.0000	0.0	0.6156
KU	1.30	-0.2513	6.5000	0.0	0.6133
KU	1.30	-0.2513	7.0000	0.0	0.6111
KU	1.30	-0.2513	7.5000	0.0	0.6093
KU	1.30	-0.2513	8.0000	0.0	0.6075
KU	1.30	-0.2513	8.5000	0.0	0.6059
KU	1.30	-0.2513	9.0000	0.0	0.6043
KU	1.30	-0.2513	9.5000	0.0	0.6029
KU	1.30	-0.2513	10.0000	0.0	0.6016
KU	1.30	-0.2513	10.5000	0.0	0.6003
KU	1.30	-0.2513	11.0000	0.0	0.5992
KU	1.30	-0.2513	11.5000	0.0	0.5981
KU	1.30	-0.2513	12.0000	0.0	0.5971
KU	1.30	-0.2513	12.5000	0.0	0.5961
KU	1.30	-0.2513	13.0000	0.0	0.5951
KU	1.30	-0.2513	13.5000	0.0	0.5943
KU	1.30	-0.2513	14.0000	0.0	0.5935
KU	1.30	0.0600	0.0300	0.0	0.8400
KU	1.30	0.0600	0.0400	0.0	0.8262
KU	1.30	0.0600	0.0500	0.0	0.8157
KU	1.30	0.0600	0.0600	0.0	0.8079
KU	1.30	0.0600	0.0700	0.0	0.8013
KU	1.30	0.0600	0.0800	0.0	0.7960
KU	1.30	0.0600	0.0900	0.0	0.7912
KU	1.30	0.0600	0.1000	0.0	0.7870
KU	1.30	0.0600	0.1500	0.0	0.7711
KU	1.30	0.0600	0.2000	0.0	0.7598
KU	1.30	0.0600	0.2500	0.0	0.7512
KU	1.30	0.0600	0.3000	0.0	0.7442
KU	1.30	0.0600	0.3500	0.0	0.7383
KU	1.30	0.0600	0.4000	0.0	0.7332
KU	1.30	0.0600	0.4500	0.0	0.7287
KU	1.30	0.0600	0.5000	0.0	0.7248
KU	1.30	0.0600	0.6000	0.0	0.7179
KU	1.30	0.0600	0.7000	0.0	0.7120
KU	1.30	0.0600	0.8000	0.0	0.7068
KU	1.30	0.0600	0.9000	0.0	0.7020
KU	1.30	0.0600	1.0000	0.0	0.6978
KU	1.30	0.0600	1.2500	0.0	0.6887
KU	1.30	0.0600	1.5000	0.0	0.6774
KU	1.30	0.0600	1.7500	0.0	0.6702
KU	1.30	0.0600	2.0000	0.0	0.6644
KU	1.30	0.0600	2.2500	0.0	0.6597
KU	1.30	0.0600	2.5000	0.0	0.6556
KU	1.30	0.0600	2.7500	0.0	0.6519
KU	1.30	0.0600	3.0000	0.0	0.6488
KU	1.30	0.0600	3.2500	0.0	0.6462
KU	1.30	0.0600	3.5000	0.0	0.6438
KU	1.30	0.0600	3.7500	0.0	0.6416
KU	1.30	0.0600	4.0000	0.0	0.6396
KU	1.30	0.0600	4.5000	0.0	0.6359
KU	1.30	0.0600	5.0000	0.0	0.6327
KU	1.30	0.0600	5.5000	0.0	0.6300
KU	1.30	0.0600	6.0000	0.0	0.6275
KU	1.30	0.0600	6.5000	0.0	0.6253
KU	1.30	0.0600	7.0000	0.0	0.6234
KU	1.30	0.0600	7.5000	0.0	0.6215
KU	1.30	0.0600	8.0000	0.0	0.6199
KU	1.30	0.0600	8.5000	0.0	0.6183
KU	1.30	0.0600	9.0000	0.0	0.6169
KU	1.30	0.0600	9.5000	0.0	0.6155
KU	1.30	0.0600	10.0000	0.0	0.6143
KU	1.30	0.0600	10.5000	0.0	0.6131
KU	1.30	0.0600	11.0000	0.0	0.6122
KU	1.30	0.0600	11.5000	0.0	0.6111
KU	1.30	0.0600	12.0000	0.0	0.6101
KU	1.30	0.0600	12.5000	0.0	0.6092
KU	1.30	0.0600	13.0000	0.0	0.6083
KU	1.30	0.0600	13.5000	0.0	0.6074
KU	1.30	0.0600	14.0000	0.0	0.6065
KU	1.30	0.1496	0.0300	0.0	0.8394
KU	1.30	0.1496	0.0400	0.0	0.8257
KU	1.30	0.1496	0.0500	0.0	0.8156
KU	1.30	0.1496	0.0600	0.0	0.8079
KU	1.30	0.1496	0.0700	0.0	0.8013
KU	1.30	0.1496	0.0800	0.0	0.7960
KU	1.30	0.1496	0.0900	0.0	0.7914
KU	1.30	0.1496	0.1000	0.0	0.7872
KU	1.30	0.1496	0.1500	0.0	0.7716
KU	1.30	0.1496	0.2000	0.0	0.7604
KU	1.30	0.1496	0.2500	0.0	0.7519
KU	1.30	0.1496	0.3000	0.0	0.7449
KU	1.30	0.1496	0.3500	0.0	0.7391
KU	1.30	0.1496	0.4000	0.0	0.7341
KU	1.30	0.1496	0.4500	0.0	0.7296
KU	1.30	0.1496	0.5000	0.0	0.7257
KU	1.30	0.1496	0.6000	0.0	0.7189
KU	1.30	0.1496	0.7000	0.0	0.7130
KU	1.30	0.1496	0.8000	0.0	0.7079
KU	1.30	0.1496	0.9000	0.0	0.7033
KU	1.30	0.1496	1.0000	0.0	0.6991
KU	1.30	0.1496	1.2500	0.0	0.6901
KU	1.30	0.1496	1.5000	0.0	0.6797
KU	1.30	0.1496	1.7500	0.0	0.6719
KU	1.30	0.1496	2.0000	0.0	0.6662
KU	1.30	0.1496	2.2500	0.0	0.6614
KU	1.30	0.1496	2.5000	0.0	0.6573
KU	1.30	0.1496	2.7500	0.0	0.6536
KU	1.30	0.1496	3.0000	0.0	0.6504
KU	1.30	0.1496	3.2500	0.0	0.6476
KU	1.30	0.1496	3.5000	0.0	0.6452
KU	1.30	0.1496	3.7500	0.0	0.6431
KU	1.30	0.1496	4.0000	0.0	0.6410
KU	1.30	0.1496	4.5000	0.0	0.6374
KU	1.30	0.1496	5.0000	0.0	0.6341
KU	1.30	0.1496	5.5000	0.0	0.6313
KU	1.30	0.1496	6.0000	0.0	0.6289
KU	1.30	0.1496	6.5000	0.0	0.6267
KU	1.30	0.1496	7.0000	0.0	0.6247
KU	1.30	0.1496	7.5000	0.0	0.6228
KU	1.30	0.1496	8.0000	0.0	0.6212
KU	1.30	0.1496	8.5000	0.0	0.6196
KU	1.30	0.1496	9.0000	0.0	0.6181
KU	1.30	0.1496	9.5000	0.0	0.6168
KU	1.30	0.1496	10.0000	0.0	0.6155
KU	1.30	0.1496	10.5000	0.0	0.6145
KU	1.30	0.1496	11.0000	0.0	0.6133
KU	1.30	0.1496	11.5000	0.0	0.6123
KU	1.30	0.1496	12.0000	0.0	0.6112
KU	1.30	0.1496	12.5000	0.0	0.6103
KU	1.30	0.1496	13.0000	0.0	0.6093
KU	1.30	0.1496	13.5000	0.0	0.6085
KU	1.30	0.1496	14.0000	0.0	0.6076
KU	1.30	0.2559	0.0300	0.0	0.8387
KU	1.30	0.2559	0.0400	0.0	0.8252
KU	1.30	0.2559	0.0500	0.0	0.8153
KU	1.30	0.2559	0.0600	0.0	0.8077
KU	1.30	0.2559	0.0700	0.0	0.8013
KU	1.30	0.2559	0.0800	0.0	0.7961
KU	1.30	0.2559	0.0900	0.0	0.7916
KU	1.30	0.2559	0.1000	0.0	0.7875
KU	1.30	0.2559	0.1500	0.0	0.7721
KU	1.30	0.2559	0.2000	0.0	0.7611
KU	1.30	0.2559	0.2500	0.0	0.7527
KU	1.30	0.2559	0.3000	0.0	0.7458
KU	1.30	0.2559	0.3500	0.0	0.7400
KU	1.30	0.2559	0.4000	0.0	0.7350
KU	1.30	0.2559	0.4500	0.0	0.7307
KU	1.30	0.2559	0.5000	0.0	0.7268
KU	1.30	0.2559	0.6000	0.0	0.7201
KU	1.30	0.2559	0.7000	0.0	0.7143
KU	1.30	0.2559	0.8000	0.0	0.7092
KU	1.30	0.2559	0.9000	0.0	0.7047
KU	1.30	0.2559	1.0000	0.0	0.7005
KU	1.30	0.2559	1.2500	0.0	0.6916
KU	1.30	0.2559	1.5000	0.0	0.6825
KU	1.30	0.2559	1.7500	0.0	0.6738
KU	1.30	0.2559	2.0000	0.0	0.6682
KU	1.30	0.2559	2.2500	0.0	0.6633
KU	1.30	0.2559	2.5000	0.0	0.6592
KU	1.30	0.2559	2.7500	0.0	0.6556
KU	1.30	0.2559	3.0000	0.0	0.6522
KU	1.30	0.2559	3.2500	0.0	0.6492
KU	1.30	0.2559	3.5000	0.0	0.6469
KU	1.30	0.2559	3.7500	0.0	0.6447
KU	1.30	0.2559	4.0000	0.0	0.6427
KU	1.30	0.2559	4.5000	0.0	0.6390
KU	1.30	0.2559	5.0000	0.0	0.6358
KU	1.30	0.2559	5.5000	0.0	0.6329
KU	1.30	0.2559	6.0000	0.0	0.6304
KU	1.30	0.2559	6.5000	0.0	0.6282
KU	1.30	0.2559	7.0000	0.0	0.6262
KU	1.30	0.2559	7.5000	0.0	0.6243
KU	1.30	0.2559	8.0000	0.0	0.6227
KU	1.30	0.2559	8.5000	0.0	0.6211
KU	1.30	0.2559	9.0000	0.0	0.6196
KU	1.30	0.2559	9.5000	0.0	0.6182
KU	1.30	0.2559	10.0000	0.0	0.6170
KU	1.30	0.2559	10.5000	0.0	0.6158
KU	1.30	0.2559	11.0000	0.0	0.6146
KU	1.30	0.2559	11.5000	0.0	0.6136
KU	1.30	0.2559	12.0000	0.0	0.6125
KU	1.30	0.2559	12.5000	0.0	0.6116
KU	1.30	0.2559	13.0000	0.0	0.6106
KU	1.30	0.2559	13.5000	0.0	0.6097
KU	1.30	0.2559	14.0000	0.0	0.6089
KU	1.30	0.3971	0.0300	0.0	0.8368
KU	1.30	0.3971	0.0400	0.0	0.8238
KU	1.30	0.3971	0.0500	0.0	0.8143
KU	1.30	0.3971	0.0600	0.0	0.8068
KU	1.30	0.3971	0.0700	0.0	0.8006
KU	1.30	0.3971	0.0800	0.0	0.7954
KU	1.30	0.3971	0.0900	0.0	0.7909
KU	1.30	0.3971	0.1000	0.0	0.7869
KU	1.30	0.3971	0.1500	0.0	0.7716
KU	1.30	0.3971	0.2000	0.0	0.7607
KU	1.30	0.3971	0.2500	0.0	0.7525
KU	1.30	0.3971	0.3000	0.0	0.7458
KU	1.30	0.3971	0.3500	0.0	0.7401
KU	1.30	0.3971	0.4000	0.0	0.7352
KU	1.30	0.3971	0.4500	0.0	0.7309
KU	1.30	0.3971	0.5000	0.0	0.7271
KU	1.30	0.3971	0.6000	0.0	0.7205
KU	1.30	0.3971	0.7000	0.0	0.7148
KU	1.30	0.3971	0.8000	0.0	0.7097
KU	1.30	0.3971	0.9000	0.0	0.7053
KU	1.30	0.3971	1.0000	0.0	0.7013
KU	1.30	0.3971	1.2500	0.0	0.6926
KU	1.30	0.3971	1.5000	0.0	0.6843
KU	1.30	0.3971	1.7500	0.0	0.6755
KU	1.30	0.3971	2.0000	0.0	0.6699
KU	1.30	0.3971	2.2500	0.0	0.6650
KU	1.30	0.3971	2.5000	0.0	0.6608
KU	1.30	0.3971	2.7500	0.0	0.6571
KU	1.30	0.3971	3.0000	0.0	0.6537
KU	1.30	0.3971	3.2500	0.0	0.6507
KU	1.30	0.3971	3.5000	0.0	0.6482
KU	1.30	0.3971	3.7500	0.0	0.6460
KU	1.30	0.3971	4.0000	0.0	0.6439
KU	1.30	0.3971	4.5000	0.0	0.6395
KU	1.30	0.3971	5.0000	0.0	0.6370
KU	1.30	0.3971	5.5000	0.0	0.6341
KU	1.30	0.3971	6.0000	0.0	0.6316
KU	1.30	0.3971	6.5000	0.0	0.6293
KU	1.30	0.3971	7.0000	0.0	0.6272
KU	1.30	0.3971	7.5000	0.0	0.6253
KU	1.30	0.3971	8.0000	0.0	0.6236
KU	1.30	0.3971	8.5000	0.0	0.6221
KU	1.30	0.3971	9.0000	0.0	0.6206
KU	1.30	0.3971	9.5000	0.0	0.6192
KU	1.30	0.3971	10.0000	0.0	0.6179
KU	1.30	0.3971	10.5000	0.0	0.6167
KU	1.30	0.3971	11.0000	0.0	0.6156
KU	1.30	0.3971	11.5000	0.0	0.6145
KU	1.30	0.3971	12.0000	0.0	0.6135
KU	1.30	0.3971	12.5000	0.0	0.6125
KU	1.30	0.3971	13.0000	0.0	0.6115
KU	1.30	0.3971	13.5000	0.0	0.6106
KU	1.30	0.3971	14.0000	0.0	0.6098
